rumor_network 0
0 0 0
1 0 0
7 0 0
12 0 0
22 0 0
23 0 0
24 0 0
27 0 0
28 0 0
29 0 0
30 0 0
31 0 0
32 0 0
33 0 0
34 0 0
35 0 0
36 0 0
45 0 0
46 0 0
47 0 0
48 0 0
62 0 0
63 0 0
108 0 0
109 0 0
131 0 0
132 0 0
133 0 0
134 0 0
135 0 0
137 0 0
138 0 0
139 0 0
140 0 0
141 0 0
142 0 0
143 0 0
144 0 0
145 0 0
146 0 0
147 0 0
191 0 0
192 0 0
210 0 0
211 0 0
212 0 0
213 0 0
214 0 0
215 0 0
216 0 0
217 0 0
218 0 0
219 0 0
220 0 0
221 0 0
222 0 0
225 0 0
226 0 0
243 0 0
244 0 0
245 0 0
262 0 0
263 0 0
264 0 0
270 0 0
271 0 0
272 0 0
273 0 0
274 0 0
278 0 0
279 0 0
285 0 0
291 0 0
292 0 0
320 0 0
321 0 0
322 0 0
323 0 0
324 0 0
325 0 0
354 0 0
355 0 0
356 0 0
357 0 0
358 0 0
359 0 0
360 0 0
361 0 0
362 0 0
363 0 0
398 0 0
399 0 0
400 0 0
401 0 0
402 0 0
403 0 0
404 0 0
405 0 0
406 0 0
407 0 0
408 0 0
409 0 0
410 0 0
411 0 0
412 0 0
413 0 0
414 0 0
415 0 0
416 0 0
417 0 0
418 0 0
419 0 0
420 0 0
421 0 0
426 0 0
427 0 0
428 0 0
429 0 0
435 0 0
436 0 0
437 0 0
438 0 0
439 0 0
457 0 0
474 0 0
475 0 0
476 0 0
478 0 0
479 0 0
480 0 0
481 0 0
482 0 0
483 0 0
484 0 0
538 0 0
548 0 0
558 0 0
559 0 0
560 0 0
561 0 0
562 0 0
563 0 0
564 0 0
565 0 0
566 0 0
567 0 0
568 0 0
569 0 0
570 0 0
580 0 0
581 0 0
582 0 0
583 0 0
584 0 0
585 0 0
624 0 0
625 0 0
626 0 0
627 0 0
628 0 0
630 0 0
631 0 0
632 0 0
633 0 0
634 0 0
635 0 0
636 0 0
637 0 0
638 0 0
639 0 0
640 0 0
641 0 0
642 0 0
643 0 0
644 0 0
645 0 0
646 0 0
647 0 0
648 0 0
649 0 0
650 0 0
658 0 0
675 0 0
676 0 0
688 0 0
689 0 0
690 0 0
691 0 0
692 0 0
693 0 0
708 0 0
709 0 0
710 0 0
711 0 0
712 0 0
714 0 0
715 0 0
716 0 0
763 0 0
764 0 0
784 0 0
785 0 0
786 0 0
787 0 0
825 0 0
847 0 0
858 0 0
859 0 0
861 0 0
900 0 0
901 0 0
902 0 0
903 0 0
904 0 0
905 0 0
906 0 0
907 0 0
908 0 0
909 0 0
910 0 0
911 0 0
937 0 0
938 0 0
939 0 0
940 0 0
941 0 0
942 0 0
943 0 0
944 0 0
945 0 0
946 0 0
1001 0 0
1002 0 0
1003 0 0
1004 0 0
1005 0 0
1006 0 0
1007 0 0
1008 0 0
1009 0 0
1027 0 0
1039 0 0
1040 0 0
1041 0 0
1042 0 0
1043 0 0
1044 0 0
1045 0 0
1046 0 0
1047 0 0
1050 0 0
1051 0 0
1063 0 0
1064 0 0
1065 0 0
1066 0 0
1067 0 0
1068 0 0
1069 0 0
1083 0 0
1084 0 0
1093 0 0
1094 0 0
1095 0 0
1111 0 0
1112 0 0
1113 0 0
1114 0 0
1123 0 0
1124 0 0
1125 0 0
1126 0 0
1127 0 0
1128 0 0
1129 0 0
1130 0 0
1131 0 0
1141 0 0
1142 0 0
1155 0 0
1156 0 0
1157 0 0
1158 0 0
1159 0 0
1160 0 0
1161 0 0
1162 0 0
1163 0 0
1174 0 0
1216 0 0
1217 0 0
1220 0 0
1221 0 0
1222 0 0
1223 0 0
1224 0 0
1225 0 0
1226 0 0
1227 0 0
1235 0 0
1241 0 0
1242 0 0
1305 0 0
1306 0 0
1326 0 0
1327 0 0
1328 0 0
1329 0 0
1330 0 0
1338 0 0
1339 0 0
1340 0 0
1341 0 0
1342 0 0
1343 0 0
1360 0 0
1361 0 0
1362 0 0
1363 0 0
1364 0 0
1365 0 0
1366 0 0
1367 0 0
1368 0 0
1380 0 0
1381 0 0
1382 0 0
1383 0 0
1404 0 0
1405 0 0
1406 0 0
1407 0 0
1408 0 0
1449 0 0
1476 0 0
1477 0 0
1478 0 0
1479 0 0
1480 0 0
1481 0 0
1482 0 0
1483 0 0
1484 0 0
1492 0 0
1493 0 0
1494 0 0
1495 0 0
1496 0 0
1497 0 0
1502 0 0
1503 0 0
1543 0 0
1544 0 0
1545 0 0
1547 0 0
1548 0 0
1549 0 0
1550 0 0
1551 0 0
1552 0 0
1553 0 0
1554 0 0
1555 0 0
1563 0 0
1569 0 0
1570 0 0
1585 0 0
1586 0 0
1587 0 0
1588 0 0
1589 0 0
1590 0 0
1591 0 0
1592 0 0
1593 0 0
1594 0 0
1599 0 0
1616 0 0
1617 0 0
1618 0 0
1619 0 0
1620 0 0
1621 0 0
1622 0 0
1623 0 0
1624 0 0
1625 0 0
1627 0 0
1628 0 0
1629 0 0
1630 0 0
1631 0 0
1632 0 0
1633 0 0
1634 0 0
1635 0 0
1636 0 0
1637 0 0
1638 0 0
1639 0 0
1640 0 0
1641 0 0
1642 0 0
1643 0 0
1644 0 0
1667 0 0
1668 0 0
1669 0 0
1670 0 0
1671 0 0
1672 0 0
1678 0 0
1679 0 0
1680 0 0
1681 0 0
1682 0 0
1683 0 0
1684 0 0
1685 0 0
1689 0 0
1690 0 0
1691 0 0
1692 0 0
1693 0 0
1694 0 0
1695 0 0
1696 0 0
1697 0 0
1698 0 0
1699 0 0
1700 0 0
1701 0 0
1757 0 0
1758 0 0
1759 0 0
1760 0 0
1765 0 0
1782 0 0
1786 0 0
1787 0 0
1802 0 0
1803 0 0
1804 0 0
1805 0 0
1824 0 0
1827 0 0
1828 0 0
1841 0 0
1842 0 0
1872 0 0
1873 0 0
1874 0 0
1875 0 0
1885 0 0
1886 0 0
1887 0 0
1888 0 0
1889 0 0
1890 0 0
1891 0 0
1908 0 0
1909 0 0
1910 0 0
1912 0 0
1913 0 0
1914 0 0
1915 0 0
2032 0 0
2040 0 0
2041 0 0
2042 0 0
2043 0 0
2044 0 0
2045 0 0
2046 0 0
2048 0 0
2049 0 0
2050 0 0
2051 0 0
2052 0 0
2053 0 0
2054 0 0
2055 0 0
2102 0 0
2103 0 0
2104 0 0
2105 0 0
2106 0 0
2107 0 0
2108 0 0
2109 0 0
2110 0 0
2111 0 0
2112 0 0
2113 0 0
2114 0 0
2115 0 0
2123 0 0
2124 0 0
2125 0 0
2126 0 0
2127 0 0
2128 0 0
2129 0 0
2130 0 0
2131 0 0
2132 0 0
2133 0 0
2134 0 0
2135 0 0
2136 0 0
2137 0 0
2138 0 0
2139 0 0
2140 0 0
2141 0 0
2142 0 0
2148 0 0
2181 0 0
2182 0 0
2185 0 0
2186 0 0
2187 0 0
2188 0 0
2189 0 0
2190 0 0
2191 0 0
2192 0 0
2193 0 0
2194 0 0
2199 0 0
2200 0 0
2201 0 0
2202 0 0
2203 0 0
2204 0 0
2212 0 0
2213 0 0
2214 0 0
2215 0 0
2216 0 0
2217 0 0
2218 0 0
2219 0 0
2238 0 0
2255 0 0
2256 0 0
2257 0 0
2258 0 0
2259 0 0
2260 0 0
2261 0 0
2272 0 0
2273 0 0
2274 0 0
2275 0 0
2276 0 0
2277 0 0
2290 0 0
2291 0 0
2355 0 0
2356 0 0
2357 0 0
2358 0 0
2359 0 0
2360 0 0
2361 0 0
2362 0 0
2363 0 0
2364 0 0
2365 0 0
2374 0 0
2375 0 0
2396 0 0
2397 0 0
2402 0 0
2403 0 0
2404 0 0
2405 0 0
2434 0 0
2445 0 0
2446 0 0
2470 0 0
2471 0 0
2472 0 0
2473 0 0
2474 0 0
2482 0 0
2483 0 0
2484 0 0
2485 0 0
2486 0 0
2487 0 0
2488 0 0
2489 0 0
2490 0 0
2491 0 0
2539 0 0
2540 0 0
2549 0 0
2550 0 0
2577 0 0
2583 0 0
2584 0 0
2585 0 0
2586 0 0
2587 0 0
2588 0 0
2589 0 0
2590 0 0
2591 0 0
2594 0 0
2600 0 0
2601 0 0
2632 0 0
2647 0 0
2648 0 0
2649 0 0
2650 0 0
2651 0 0
2652 0 0
2653 0 0
2654 0 0
2655 0 0
2656 0 0
2657 0 0
2658 0 0
2659 0 0
2660 0 0
2661 0 0
2662 0 0
2663 0 0
2664 0 0
2665 0 0
2670 0 0
2671 0 0
2672 0 0
2673 0 0
2675 0 0
2676 0 0
2677 0 0
2678 0 0
2679 0 0
2680 0 0
2681 0 0
2682 0 0
2683 0 0
2684 0 0
2685 0 0
2687 0 0
2688 0 0
2689 0 0
2690 0 0
2691 0 0
2692 0 0
2693 0 0
2694 0 0
2695 0 0
2696 0 0
2699 0 0
2700 0 0
2701 0 0
2702 0 0
2705 0 0
2706 0 0
2707 0 0
2708 0 0
2709 0 0
2710 0 0
2711 0 0
2712 0 0
2713 0 0
2717 0 0
2718 0 0
2719 0 0
2720 0 0
2721 0 0
2722 0 0
2723 0 0
2758 0 0
2759 0 0
2760 0 0
2761 0 0
2762 0 0
2763 0 0
2770 0 0
2771 0 0
2772 0 0
2773 0 0
2774 0 0
2775 0 0
2776 0 0
2777 0 0
2789 0 0
2790 0 0
2791 0 0
2792 0 0
2793 0 0
2794 0 0
2795 0 0
2807 0 0
2829 0 0
2830 0 0
2831 0 0
2832 0 0
2833 0 0
2834 0 0
2835 0 0
2836 0 0
2837 0 0
2857 0 0
2858 0 0
2859 0 0
2860 0 0
2861 0 0
2862 0 0
2884 0 0
2885 0 0
2886 0 0
2887 0 0
2888 0 0
2910 0 0
2911 0 0
2912 0 0
2917 0 0
2918 0 0
2922 0 0
2923 0 0
2954 0 0
2955 0 0
2956 0 0
2957 0 0
2958 0 0
2959 0 0
2960 0 0
2961 0 0
2962 0 0
2963 0 0
2964 0 0
2977 0 0
2978 0 0
2979 0 0
2980 0 0
2981 0 0
2982 0 0
2983 0 0
2987 0 0
3011 0 0
3043 0 0
3044 0 0
3045 0 0
3046 0 0
3047 0 0
3048 0 0
3053 0 0
3054 0 0
3055 0 0
3107 0 0
3132 0 0
3133 0 0
3145 0 0
3150 0 0
3151 0 0
3155 0 0
3194 0 0
3195 0 0
3196 0 0
3197 0 0
3198 0 0
3199 0 0
3200 0 0
3201 0 0
3202 0 0
3208 0 0
3209 0 0
3240 0 0
3241 0 0
3242 0 0
3243 0 0
3244 0 0
3257 0 0
3258 0 0
3259 0 0
3260 0 0
3261 0 0
3262 0 0
3263 0 0
3264 0 0
3265 0 0
3266 0 0
3270 0 0
3271 0 0
3272 0 0
3273 0 0
3274 0 0
3275 0 0
3276 0 0
3277 0 0
3278 0 0
3279 0 0
3284 0 0
3285 0 0
3286 0 0
3287 0 0
3288 0 0
3289 0 0
3290 0 0
3291 0 0
3307 0 0
3308 0 0
3309 0 0
3310 0 0
3311 0 0
3314 0 0
3315 0 0
3316 0 0
3317 0 0
3318 0 0
3319 0 0
3320 0 0
3321 0 0
3322 0 0
3323 0 0
3324 0 0
3325 0 0
3346 0 0
3347 0 0
3348 0 0
3382 0 0
3383 0 0
3384 0 0
3385 0 0
3386 0 0
3387 0 0
3388 0 0
3389 0 0
3390 0 0
3391 0 0
3423 0 0
3439 0 0
3440 0 0
3441 0 0
3442 0 0
3475 0 0
3476 0 0
3477 0 0
3478 0 0
3479 0 0
3480 0 0
3511 0 0
3512 0 0
3513 0 0
3514 0 0
3520 0 0
3532 0 0
3533 0 0
3534 0 0
3535 0 0
3536 0 0
3537 0 0
3540 0 0
3560 0 0
3563 0 0
3564 0 0
3565 0 0
3566 0 0
3567 0 0
3582 0 0
3583 0 0
3584 0 0
3585 0 0
3586 0 0
3587 0 0
3588 0 0
3589 0 0
3590 0 0
3591 0 0
3592 0 0
3593 0 0
3594 0 0
3595 0 0
3614 0 0
3615 0 0
3616 0 0
3617 0 0
3618 0 0
3627 0 0
3628 0 0
3629 0 0
3630 0 0
3631 0 0
3632 0 0
3633 0 0
3634 0 0
3635 0 0
3636 0 0
3637 0 0
3638 0 0
3639 0 0
3640 0 0
3641 0 0
3642 0 0
3688 0 0
3741 0 0
3742 0 0
3743 0 0
3744 0 0
3745 0 0
3746 0 0
3747 0 0
3748 0 0
3749 0 0
3752 0 0
3753 0 0
3755 0 0
3756 0 0
3757 0 0
3758 0 0
3759 0 0
3760 0 0
3761 0 0
3762 0 0
3773 0 0
3774 0 0
3775 0 0
3776 0 0
3777 0 0
3778 0 0
3779 0 0
3780 0 0
3781 0 0
3782 0 0
3783 0 0
3786 0 0
3787 0 0
3788 0 0
3799 0 0
3800 0 0
3801 0 0
3809 0 0
3810 0 0
3814 0 0
3815 0 0
3818 0 0
3819 0 0
3820 0 0
3824 0 0
3825 0 0
3826 0 0
3827 0 0
3828 0 0
3829 0 0
3838 0 0
3839 0 0
3840 0 0
3844 0 0
3845 0 0
3858 0 0
3859 0 0
3860 0 0
3861 0 0
3862 0 0
3863 0 0
3864 0 0
3865 0 0
3866 0 0
3867 0 0
3868 0 0
3869 0 0
3882 0 0
3883 0 0
3884 0 0
3885 0 0
3891 0 0
3897 0 0
3898 0 0
3914 0 0
3915 0 0
3916 0 0
3917 0 0
3918 0 0
3919 0 0
3920 0 0
3966 0 0
3967 0 0
3968 0 0
3969 0 0
3970 0 0
3971 0 0
3972 0 0
3991 0 0
3999 0 0
8 0 1
9 0 1
10 0 1
11 0 1
49 0 1
59 0 1
60 0 1
61 0 1
88 0 1
89 0 1
90 0 1
91 0 1
92 0 1
93 0 1
94 0 1
95 0 1
96 0 1
103 0 1
104 0 1
110 0 1
111 0 1
112 0 1
113 0 1
114 0 1
115 0 1
116 0 1
117 0 1
118 0 1
119 0 1
120 0 1
121 0 1
122 0 1
123 0 1
124 0 1
125 0 1
126 0 1
127 0 1
128 0 1
129 0 1
130 0 1
136 0 1
154 0 1
193 0 1
194 0 1
195 0 1
258 0 1
259 0 1
265 0 1
266 0 1
267 0 1
268 0 1
269 0 1
280 0 1
281 0 1
282 0 1
283 0 1
284 0 1
300 0 1
301 0 1
302 0 1
303 0 1
304 0 1
305 0 1
306 0 1
335 0 1
336 0 1
337 0 1
338 0 1
339 0 1
352 0 1
353 0 1
395 0 1
396 0 1
397 0 1
422 0 1
423 0 1
424 0 1
425 0 1
440 0 1
441 0 1
442 0 1
443 0 1
444 0 1
446 0 1
447 0 1
449 0 1
450 0 1
451 0 1
452 0 1
453 0 1
454 0 1
455 0 1
456 0 1
458 0 1
459 0 1
460 0 1
461 0 1
470 0 1
471 0 1
472 0 1
473 0 1
477 0 1
487 0 1
488 0 1
489 0 1
490 0 1
491 0 1
492 0 1
493 0 1
494 0 1
496 0 1
497 0 1
510 0 1
511 0 1
512 0 1
513 0 1
514 0 1
515 0 1
516 0 1
517 0 1
537 0 1
598 0 1
599 0 1
600 0 1
611 0 1
612 0 1
613 0 1
614 0 1
615 0 1
616 0 1
617 0 1
618 0 1
619 0 1
620 0 1
621 0 1
622 0 1
677 0 1
678 0 1
679 0 1
680 0 1
681 0 1
682 0 1
683 0 1
684 0 1
685 0 1
686 0 1
687 0 1
694 0 1
703 0 1
704 0 1
705 0 1
706 0 1
707 0 1
717 0 1
718 0 1
719 0 1
720 0 1
721 0 1
722 0 1
723 0 1
724 0 1
725 0 1
726 0 1
727 0 1
728 0 1
729 0 1
730 0 1
731 0 1
732 0 1
733 0 1
734 0 1
738 0 1
739 0 1
740 0 1
741 0 1
742 0 1
743 0 1
744 0 1
755 0 1
756 0 1
757 0 1
758 0 1
759 0 1
760 0 1
761 0 1
762 0 1
779 0 1
780 0 1
781 0 1
782 0 1
783 0 1
788 0 1
789 0 1
790 0 1
791 0 1
797 0 1
798 0 1
803 0 1
804 0 1
805 0 1
806 0 1
820 0 1
821 0 1
822 0 1
823 0 1
824 0 1
826 0 1
827 0 1
828 0 1
829 0 1
830 0 1
831 0 1
832 0 1
848 0 1
849 0 1
850 0 1
851 0 1
852 0 1
853 0 1
854 0 1
855 0 1
856 0 1
857 0 1
860 0 1
864 0 1
865 0 1
866 0 1
867 0 1
868 0 1
869 0 1
870 0 1
871 0 1
872 0 1
873 0 1
882 0 1
883 0 1
884 0 1
891 0 1
892 0 1
893 0 1
917 0 1
918 0 1
919 0 1
920 0 1
921 0 1
922 0 1
923 0 1
924 0 1
925 0 1
926 0 1
927 0 1
928 0 1
929 0 1
930 0 1
931 0 1
932 0 1
933 0 1
947 0 1
948 0 1
949 0 1
950 0 1
951 0 1
966 0 1
967 0 1
973 0 1
980 0 1
981 0 1
985 0 1
1012 0 1
1013 0 1
1014 0 1
1015 0 1
1016 0 1
1017 0 1
1018 0 1
1019 0 1
1020 0 1
1021 0 1
1022 0 1
1023 0 1
1024 0 1
1025 0 1
1026 0 1
1028 0 1
1029 0 1
1030 0 1
1031 0 1
1032 0 1
1033 0 1
1034 0 1
1035 0 1
1036 0 1
1037 0 1
1038 0 1
1059 0 1
1060 0 1
1061 0 1
1062 0 1
1073 0 1
1082 0 1
1096 0 1
1097 0 1
1098 0 1
1099 0 1
1100 0 1
1101 0 1
1102 0 1
1103 0 1
1104 0 1
1105 0 1
1106 0 1
1107 0 1
1108 0 1
1109 0 1
1110 0 1
1121 0 1
1122 0 1
1132 0 1
1167 0 1
1168 0 1
1184 0 1
1187 0 1
1188 0 1
1189 0 1
1190 0 1
1191 0 1
1192 0 1
1193 0 1
1214 0 1
1215 0 1
1218 0 1
1219 0 1
1228 0 1
1229 0 1
1230 0 1
1231 0 1
1232 0 1
1233 0 1
1234 0 1
1243 0 1
1244 0 1
1245 0 1
1246 0 1
1247 0 1
1248 0 1
1249 0 1
1250 0 1
1261 0 1
1309 0 1
1310 0 1
1311 0 1
1312 0 1
1313 0 1
1314 0 1
1315 0 1
1316 0 1
1317 0 1
1318 0 1
1331 0 1
1352 0 1
1369 0 1
1370 0 1
1371 0 1
1372 0 1
1373 0 1
1374 0 1
1375 0 1
1376 0 1
1377 0 1
1384 0 1
1385 0 1
1386 0 1
1387 0 1
1395 0 1
1396 0 1
1397 0 1
1398 0 1
1399 0 1
1400 0 1
1401 0 1
1402 0 1
1403 0 1
1409 0 1
1411 0 1
1412 0 1
1413 0 1
1418 0 1
1419 0 1
1420 0 1
1421 0 1
1422 0 1
1423 0 1
1424 0 1
1425 0 1
1426 0 1
1427 0 1
1485 0 1
1486 0 1
1487 0 1
1488 0 1
1489 0 1
1490 0 1
1498 0 1
1499 0 1
1500 0 1
1504 0 1
1505 0 1
1506 0 1
1507 0 1
1546 0 1
1564 0 1
1565 0 1
1566 0 1
1567 0 1
1568 0 1
1579 0 1
1580 0 1
1581 0 1
1582 0 1
1583 0 1
1584 0 1
1595 0 1
1596 0 1
1597 0 1
1598 0 1
1600 0 1
1601 0 1
1602 0 1
1603 0 1
1604 0 1
1605 0 1
1606 0 1
1607 0 1
1608 0 1
1609 0 1
1610 0 1
1611 0 1
1612 0 1
1613 0 1
1614 0 1
1615 0 1
1626 0 1
1645 0 1
1646 0 1
1647 0 1
1648 0 1
1649 0 1
1650 0 1
1651 0 1
1654 0 1
1655 0 1
1656 0 1
1657 0 1
1658 0 1
1659 0 1
1660 0 1
1661 0 1
1662 0 1
1663 0 1
1664 0 1
1665 0 1
1666 0 1
1702 0 1
1703 0 1
1704 0 1
1705 0 1
1706 0 1
1707 0 1
1708 0 1
1739 0 1
1740 0 1
1741 0 1
1750 0 1
1751 0 1
1762 0 1
1773 0 1
1779 0 1
1780 0 1
1783 0 1
1784 0 1
1785 0 1
1790 0 1
1801 0 1
1825 0 1
1826 0 1
1843 0 1
1844 0 1
1845 0 1
1846 0 1
1847 0 1
1876 0 1
1877 0 1
1878 0 1
1879 0 1
1880 0 1
1881 0 1
1882 0 1
1883 0 1
1884 0 1
1892 0 1
1893 0 1
1894 0 1
1897 0 1
1898 0 1
1899 0 1
1900 0 1
1901 0 1
1902 0 1
1903 0 1
1904 0 1
1911 0 1
1922 0 1
1923 0 1
1924 0 1
1925 0 1
1926 0 1
1927 0 1
1928 0 1
1929 0 1
1930 0 1
1931 0 1
1937 0 1
1938 0 1
1939 0 1
1940 0 1
1941 0 1
1942 0 1
1943 0 1
1944 0 1
1945 0 1
1953 0 1
1954 0 1
1955 0 1
1956 0 1
1957 0 1
1958 0 1
1959 0 1
1960 0 1
1961 0 1
1962 0 1
1963 0 1
1964 0 1
1965 0 1
1966 0 1
1967 0 1
1968 0 1
1969 0 1
1970 0 1
1971 0 1
1990 0 1
1991 0 1
1992 0 1
1993 0 1
1994 0 1
1995 0 1
1996 0 1
1997 0 1
1998 0 1
1999 0 1
2000 0 1
2033 0 1
2034 0 1
2035 0 1
2036 0 1
2037 0 1
2038 0 1
2039 0 1
2047 0 1
2069 0 1
2070 0 1
2071 0 1
2072 0 1
2073 0 1
2074 0 1
2075 0 1
2076 0 1
2077 0 1
2078 0 1
2079 0 1
2080 0 1
2081 0 1
2082 0 1
2083 0 1
2084 0 1
2085 0 1
2086 0 1
2087 0 1
2088 0 1
2122 0 1
2166 0 1
2167 0 1
2168 0 1
2169 0 1
2170 0 1
2171 0 1
2172 0 1
2178 0 1
2179 0 1
2180 0 1
2229 0 1
2230 0 1
2231 0 1
2232 0 1
2233 0 1
2234 0 1
2235 0 1
2236 0 1
2237 0 1
2278 0 1
2279 0 1
2280 0 1
2287 0 1
2288 0 1
2289 0 1
2302 0 1
2303 0 1
2304 0 1
2305 0 1
2306 0 1
2307 0 1
2308 0 1
2309 0 1
2310 0 1
2311 0 1
2312 0 1
2324 0 1
2325 0 1
2326 0 1
2327 0 1
2328 0 1
2329 0 1
2330 0 1
2331 0 1
2332 0 1
2333 0 1
2334 0 1
2335 0 1
2336 0 1
2338 0 1
2339 0 1
2340 0 1
2341 0 1
2366 0 1
2367 0 1
2368 0 1
2369 0 1
2370 0 1
2371 0 1
2378 0 1
2379 0 1
2380 0 1
2381 0 1
2382 0 1
2383 0 1
2395 0 1
2398 0 1
2443 0 1
2444 0 1
2459 0 1
2460 0 1
2461 0 1
2467 0 1
2468 0 1
2475 0 1
2476 0 1
2477 0 1
2478 0 1
2479 0 1
2480 0 1
2481 0 1
2493 0 1
2494 0 1
2495 0 1
2496 0 1
2497 0 1
2498 0 1
2499 0 1
2500 0 1
2501 0 1
2502 0 1
2503 0 1
2504 0 1
2509 0 1
2510 0 1
2511 0 1
2512 0 1
2513 0 1
2515 0 1
2516 0 1
2517 0 1
2518 0 1
2519 0 1
2526 0 1
2527 0 1
2528 0 1
2529 0 1
2530 0 1
2531 0 1
2532 0 1
2533 0 1
2534 0 1
2535 0 1
2536 0 1
2537 0 1
2578 0 1
2579 0 1
2592 0 1
2593 0 1
2605 0 1
2606 0 1
2607 0 1
2608 0 1
2609 0 1
2610 0 1
2613 0 1
2617 0 1
2618 0 1
2619 0 1
2620 0 1
2621 0 1
2622 0 1
2623 0 1
2624 0 1
2625 0 1
2626 0 1
2635 0 1
2636 0 1
2637 0 1
2638 0 1
2639 0 1
2640 0 1
2641 0 1
2642 0 1
2643 0 1
2644 0 1
2645 0 1
2646 0 1
2674 0 1
2716 0 1
2750 0 1
2751 0 1
2752 0 1
2753 0 1
2754 0 1
2755 0 1
2756 0 1
2757 0 1
2788 0 1
2796 0 1
2797 0 1
2798 0 1
2799 0 1
2800 0 1
2801 0 1
2802 0 1
2808 0 1
2809 0 1
2810 0 1
2811 0 1
2812 0 1
2813 0 1
2814 0 1
2815 0 1
2816 0 1
2817 0 1
2818 0 1
2841 0 1
2842 0 1
2852 0 1
2853 0 1
2854 0 1
2855 0 1
2878 0 1
2879 0 1
2890 0 1
2894 0 1
2895 0 1
2896 0 1
2897 0 1
2898 0 1
2899 0 1
2900 0 1
2901 0 1
2905 0 1
2906 0 1
2907 0 1
2908 0 1
2909 0 1
2965 0 1
2966 0 1
2967 0 1
2968 0 1
2970 0 1
2971 0 1
2984 0 1
2998 0 1
2999 0 1
3000 0 1
3001 0 1
3002 0 1
3003 0 1
3004 0 1
3005 0 1
3006 0 1
3007 0 1
3008 0 1
3012 0 1
3013 0 1
3014 0 1
3015 0 1
3016 0 1
3017 0 1
3018 0 1
3019 0 1
3032 0 1
3033 0 1
3034 0 1
3035 0 1
3036 0 1
3037 0 1
3038 0 1
3039 0 1
3040 0 1
3041 0 1
3042 0 1
3063 0 1
3064 0 1
3065 0 1
3066 0 1
3067 0 1
3069 0 1
3070 0 1
3071 0 1
3072 0 1
3077 0 1
3078 0 1
3079 0 1
3080 0 1
3081 0 1
3139 0 1
3140 0 1
3141 0 1
3142 0 1
3143 0 1
3146 0 1
3147 0 1
3148 0 1
3149 0 1
3152 0 1
3153 0 1
3154 0 1
3156 0 1
3157 0 1
3158 0 1
3203 0 1
3204 0 1
3205 0 1
3223 0 1
3224 0 1
3225 0 1
3226 0 1
3237 0 1
3238 0 1
3247 0 1
3248 0 1
3249 0 1
3250 0 1
3267 0 1
3268 0 1
3280 0 1
3281 0 1
3282 0 1
3283 0 1
3306 0 1
3333 0 1
3334 0 1
3335 0 1
3336 0 1
3337 0 1
3338 0 1
3339 0 1
3353 0 1
3354 0 1
3355 0 1
3356 0 1
3359 0 1
3360 0 1
3361 0 1
3362 0 1
3363 0 1
3368 0 1
3409 0 1
3410 0 1
3411 0 1
3412 0 1
3413 0 1
3414 0 1
3419 0 1
3420 0 1
3421 0 1
3422 0 1
3431 0 1
3432 0 1
3433 0 1
3434 0 1
3435 0 1
3436 0 1
3437 0 1
3438 0 1
3443 0 1
3444 0 1
3460 0 1
3461 0 1
3481 0 1
3482 0 1
3483 0 1
3484 0 1
3485 0 1
3486 0 1
3487 0 1
3488 0 1
3489 0 1
3490 0 1
3491 0 1
3492 0 1
3493 0 1
3494 0 1
3547 0 1
3548 0 1
3549 0 1
3568 0 1
3569 0 1
3570 0 1
3571 0 1
3572 0 1
3573 0 1
3576 0 1
3577 0 1
3578 0 1
3579 0 1
3580 0 1
3581 0 1
3605 0 1
3606 0 1
3607 0 1
3608 0 1
3689 0 1
3690 0 1
3691 0 1
3709 0 1
3710 0 1
3711 0 1
3712 0 1
3713 0 1
3714 0 1
3715 0 1
3716 0 1
3726 0 1
3727 0 1
3728 0 1
3729 0 1
3730 0 1
3731 0 1
3732 0 1
3733 0 1
3734 0 1
3735 0 1
3736 0 1
3737 0 1
3738 0 1
3739 0 1
3740 0 1
3785 0 1
3830 0 1
3831 0 1
3832 0 1
3833 0 1
3834 0 1
3835 0 1
3836 0 1
3837 0 1
3853 0 1
3854 0 1
3855 0 1
3856 0 1
3857 0 1
3886 0 1
3887 0 1
3888 0 1
3889 0 1
3890 0 1
3892 0 1
3893 0 1
3921 0 1
3922 0 1
3923 0 1
3924 0 1
3927 0 1
3928 0 1
3929 0 1
3930 0 1
3931 0 1
3932 0 1
3933 0 1
3934 0 1
3935 0 1
3936 0 1
3937 0 1
3940 0 1
3941 0 1
3942 0 1
3943 0 1
3944 0 1
3945 0 1
3946 0 1
3947 0 1
3948 0 1
3949 0 1
3950 0 1
3951 0 1
3985 0 1
3986 0 1
3987 0 1
3988 0 1
3989 0 1
3990 0 1
4 0 2
5 0 2
6 0 2
21 0 2
37 0 2
38 0 2
39 0 2
40 0 2
41 0 2
42 0 2
43 0 2
44 0 2
54 0 2
55 0 2
56 0 2
57 0 2
64 0 2
65 0 2
66 0 2
67 0 2
68 0 2
69 0 2
70 0 2
77 0 2
78 0 2
79 0 2
80 0 2
81 0 2
82 0 2
83 0 2
84 0 2
85 0 2
86 0 2
87 0 2
196 0 2
197 0 2
198 0 2
199 0 2
200 0 2
201 0 2
202 0 2
203 0 2
204 0 2
227 0 2
232 0 2
233 0 2
234 0 2
235 0 2
236 0 2
237 0 2
238 0 2
260 0 2
261 0 2
293 0 2
294 0 2
295 0 2
296 0 2
297 0 2
298 0 2
299 0 2
326 0 2
327 0 2
328 0 2
329 0 2
330 0 2
331 0 2
332 0 2
333 0 2
334 0 2
345 0 2
346 0 2
347 0 2
348 0 2
349 0 2
350 0 2
351 0 2
364 0 2
365 0 2
366 0 2
367 0 2
368 0 2
369 0 2
370 0 2
371 0 2
372 0 2
373 0 2
374 0 2
375 0 2
376 0 2
377 0 2
378 0 2
379 0 2
393 0 2
394 0 2
430 0 2
431 0 2
432 0 2
433 0 2
434 0 2
448 0 2
462 0 2
463 0 2
464 0 2
465 0 2
466 0 2
467 0 2
468 0 2
469 0 2
495 0 2
498 0 2
499 0 2
500 0 2
501 0 2
502 0 2
503 0 2
532 0 2
533 0 2
534 0 2
535 0 2
536 0 2
539 0 2
540 0 2
541 0 2
542 0 2
543 0 2
544 0 2
545 0 2
546 0 2
571 0 2
572 0 2
573 0 2
574 0 2
575 0 2
576 0 2
588 0 2
601 0 2
602 0 2
603 0 2
604 0 2
605 0 2
606 0 2
607 0 2
608 0 2
609 0 2
610 0 2
651 0 2
652 0 2
664 0 2
665 0 2
666 0 2
667 0 2
698 0 2
699 0 2
700 0 2
701 0 2
702 0 2
737 0 2
745 0 2
746 0 2
747 0 2
748 0 2
749 0 2
750 0 2
751 0 2
752 0 2
753 0 2
754 0 2
765 0 2
766 0 2
767 0 2
768 0 2
769 0 2
770 0 2
771 0 2
772 0 2
773 0 2
774 0 2
775 0 2
776 0 2
777 0 2
778 0 2
796 0 2
799 0 2
800 0 2
801 0 2
802 0 2
807 0 2
808 0 2
809 0 2
810 0 2
811 0 2
812 0 2
813 0 2
814 0 2
874 0 2
875 0 2
876 0 2
877 0 2
878 0 2
879 0 2
880 0 2
881 0 2
885 0 2
886 0 2
887 0 2
888 0 2
889 0 2
890 0 2
894 0 2
895 0 2
912 0 2
934 0 2
935 0 2
936 0 2
952 0 2
953 0 2
954 0 2
958 0 2
959 0 2
969 0 2
970 0 2
971 0 2
972 0 2
979 0 2
1010 0 2
1011 0 2
1048 0 2
1049 0 2
1052 0 2
1053 0 2
1054 0 2
1055 0 2
1056 0 2
1057 0 2
1058 0 2
1070 0 2
1071 0 2
1072 0 2
1075 0 2
1076 0 2
1077 0 2
1078 0 2
1079 0 2
1081 0 2
1085 0 2
1086 0 2
1087 0 2
1088 0 2
1089 0 2
1090 0 2
1091 0 2
1092 0 2
1148 0 2
1149 0 2
1150 0 2
1151 0 2
1152 0 2
1153 0 2
1164 0 2
1165 0 2
1166 0 2
1208 0 2
1209 0 2
1210 0 2
1237 0 2
1263 0 2
1264 0 2
1265 0 2
1266 0 2
1267 0 2
1268 0 2
1269 0 2
1270 0 2
1271 0 2
1272 0 2
1273 0 2
1274 0 2
1275 0 2
1276 0 2
1278 0 2
1279 0 2
1280 0 2
1281 0 2
1282 0 2
1283 0 2
1284 0 2
1289 0 2
1290 0 2
1291 0 2
1292 0 2
1297 0 2
1298 0 2
1299 0 2
1300 0 2
1301 0 2
1302 0 2
1303 0 2
1304 0 2
1319 0 2
1320 0 2
1321 0 2
1322 0 2
1323 0 2
1324 0 2
1325 0 2
1336 0 2
1337 0 2
1344 0 2
1345 0 2
1346 0 2
1347 0 2
1348 0 2
1349 0 2
1350 0 2
1351 0 2
1378 0 2
1379 0 2
1388 0 2
1389 0 2
1390 0 2
1391 0 2
1392 0 2
1393 0 2
1394 0 2
1410 0 2
1414 0 2
1415 0 2
1416 0 2
1437 0 2
1450 0 2
1451 0 2
1452 0 2
1453 0 2
1501 0 2
1508 0 2
1509 0 2
1510 0 2
1511 0 2
1512 0 2
1513 0 2
1514 0 2
1515 0 2
1516 0 2
1517 0 2
1520 0 2
1521 0 2
1522 0 2
1523 0 2
1524 0 2
1525 0 2
1526 0 2
1527 0 2
1528 0 2
1529 0 2
1530 0 2
1531 0 2
1532 0 2
1533 0 2
1534 0 2
1535 0 2
1536 0 2
1537 0 2
1538 0 2
1539 0 2
1540 0 2
1541 0 2
1542 0 2
1556 0 2
1557 0 2
1558 0 2
1559 0 2
1560 0 2
1561 0 2
1562 0 2
1652 0 2
1653 0 2
1687 0 2
1688 0 2
1709 0 2
1710 0 2
1711 0 2
1730 0 2
1731 0 2
1732 0 2
1742 0 2
1744 0 2
1752 0 2
1753 0 2
1754 0 2
1755 0 2
1756 0 2
1763 0 2
1764 0 2
1766 0 2
1767 0 2
1768 0 2
1769 0 2
1770 0 2
1771 0 2
1772 0 2
1792 0 2
1793 0 2
1794 0 2
1795 0 2
1796 0 2
1822 0 2
1823 0 2
1829 0 2
1830 0 2
1831 0 2
1832 0 2
1833 0 2
1834 0 2
1835 0 2
1836 0 2
1837 0 2
1838 0 2
1839 0 2
1840 0 2
1855 0 2
1856 0 2
1857 0 2
1858 0 2
1859 0 2
1860 0 2
1861 0 2
1862 0 2
1863 0 2
1864 0 2
1865 0 2
1866 0 2
1867 0 2
1868 0 2
1869 0 2
1870 0 2
1871 0 2
1895 0 2
1896 0 2
1905 0 2
1906 0 2
1907 0 2
1921 0 2
1932 0 2
1933 0 2
1934 0 2
1935 0 2
1936 0 2
1946 0 2
1947 0 2
1978 0 2
1979 0 2
1980 0 2
1986 0 2
1987 0 2
1988 0 2
1989 0 2
2001 0 2
2002 0 2
2003 0 2
2004 0 2
2005 0 2
2006 0 2
2007 0 2
2008 0 2
2009 0 2
2010 0 2
2011 0 2
2026 0 2
2027 0 2
2028 0 2
2029 0 2
2030 0 2
2031 0 2
2094 0 2
2095 0 2
2096 0 2
2097 0 2
2098 0 2
2099 0 2
2100 0 2
2101 0 2
2116 0 2
2120 0 2
2121 0 2
2143 0 2
2144 0 2
2145 0 2
2146 0 2
2147 0 2
2149 0 2
2163 0 2
2176 0 2
2177 0 2
2183 0 2
2184 0 2
2195 0 2
2196 0 2
2197 0 2
2198 0 2
2222 0 2
2223 0 2
2224 0 2
2225 0 2
2226 0 2
2227 0 2
2228 0 2
2281 0 2
2282 0 2
2283 0 2
2284 0 2
2285 0 2
2286 0 2
2319 0 2
2320 0 2
2321 0 2
2322 0 2
2323 0 2
2337 0 2
2372 0 2
2376 0 2
2377 0 2
2384 0 2
2385 0 2
2386 0 2
2387 0 2
2388 0 2
2389 0 2
2390 0 2
2391 0 2
2392 0 2
2393 0 2
2394 0 2
2406 0 2
2407 0 2
2408 0 2
2409 0 2
2410 0 2
2411 0 2
2414 0 2
2415 0 2
2416 0 2
2417 0 2
2418 0 2
2419 0 2
2420 0 2
2421 0 2
2422 0 2
2423 0 2
2424 0 2
2425 0 2
2430 0 2
2431 0 2
2432 0 2
2433 0 2
2469 0 2
2508 0 2
2541 0 2
2542 0 2
2543 0 2
2544 0 2
2545 0 2
2546 0 2
2547 0 2
2548 0 2
2562 0 2
2563 0 2
2564 0 2
2565 0 2
2566 0 2
2567 0 2
2568 0 2
2569 0 2
2570 0 2
2576 0 2
2581 0 2
2582 0 2
2602 0 2
2603 0 2
2604 0 2
2611 0 2
2612 0 2
2614 0 2
2615 0 2
2616 0 2
2633 0 2
2634 0 2
2666 0 2
2667 0 2
2668 0 2
2686 0 2
2703 0 2
2704 0 2
2714 0 2
2715 0 2
2764 0 2
2765 0 2
2766 0 2
2767 0 2
2768 0 2
2778 0 2
2779 0 2
2780 0 2
2781 0 2
2782 0 2
2783 0 2
2784 0 2
2785 0 2
2786 0 2
2787 0 2
2823 0 2
2824 0 2
2825 0 2
2838 0 2
2839 0 2
2840 0 2
2889 0 2
2902 0 2
2903 0 2
2904 0 2
2913 0 2
2914 0 2
2915 0 2
2919 0 2
2920 0 2
2921 0 2
2924 0 2
2925 0 2
2926 0 2
2927 0 2
2928 0 2
2929 0 2
2930 0 2
2931 0 2
2932 0 2
2933 0 2
2934 0 2
2935 0 2
2936 0 2
2937 0 2
2938 0 2
2939 0 2
2940 0 2
2941 0 2
2942 0 2
2943 0 2
2944 0 2
2945 0 2
2952 0 2
2953 0 2
2972 0 2
2973 0 2
2974 0 2
2975 0 2
2976 0 2
2985 0 2
2986 0 2
3029 0 2
3030 0 2
3031 0 2
3105 0 2
3106 0 2
3108 0 2
3109 0 2
3110 0 2
3111 0 2
3112 0 2
3113 0 2
3114 0 2
3115 0 2
3116 0 2
3117 0 2
3126 0 2
3127 0 2
3128 0 2
3129 0 2
3130 0 2
3131 0 2
3134 0 2
3135 0 2
3136 0 2
3137 0 2
3138 0 2
3171 0 2
3172 0 2
3173 0 2
3174 0 2
3175 0 2
3176 0 2
3180 0 2
3181 0 2
3206 0 2
3210 0 2
3211 0 2
3212 0 2
3213 0 2
3214 0 2
3215 0 2
3216 0 2
3217 0 2
3218 0 2
3219 0 2
3220 0 2
3221 0 2
3222 0 2
3227 0 2
3228 0 2
3229 0 2
3230 0 2
3231 0 2
3232 0 2
3233 0 2
3234 0 2
3235 0 2
3236 0 2
3269 0 2
3292 0 2
3293 0 2
3294 0 2
3295 0 2
3296 0 2
3297 0 2
3298 0 2
3299 0 2
3300 0 2
3301 0 2
3302 0 2
3303 0 2
3304 0 2
3305 0 2
3312 0 2
3313 0 2
3340 0 2
3341 0 2
3342 0 2
3343 0 2
3344 0 2
3345 0 2
3364 0 2
3365 0 2
3366 0 2
3367 0 2
3374 0 2
3375 0 2
3376 0 2
3377 0 2
3378 0 2
3379 0 2
3380 0 2
3381 0 2
3392 0 2
3393 0 2
3397 0 2
3398 0 2
3399 0 2
3400 0 2
3401 0 2
3402 0 2
3403 0 2
3404 0 2
3405 0 2
3406 0 2
3407 0 2
3408 0 2
3424 0 2
3425 0 2
3426 0 2
3427 0 2
3428 0 2
3429 0 2
3430 0 2
3445 0 2
3446 0 2
3462 0 2
3463 0 2
3464 0 2
3465 0 2
3466 0 2
3467 0 2
3468 0 2
3469 0 2
3470 0 2
3471 0 2
3472 0 2
3473 0 2
3474 0 2
3498 0 2
3499 0 2
3500 0 2
3501 0 2
3502 0 2
3503 0 2
3504 0 2
3505 0 2
3506 0 2
3507 0 2
3508 0 2
3509 0 2
3510 0 2
3515 0 2
3516 0 2
3517 0 2
3521 0 2
3522 0 2
3523 0 2
3524 0 2
3525 0 2
3526 0 2
3527 0 2
3528 0 2
3529 0 2
3530 0 2
3531 0 2
3599 0 2
3600 0 2
3601 0 2
3602 0 2
3603 0 2
3604 0 2
3647 0 2
3648 0 2
3649 0 2
3650 0 2
3651 0 2
3652 0 2
3653 0 2
3654 0 2
3655 0 2
3656 0 2
3657 0 2
3658 0 2
3659 0 2
3718 0 2
3719 0 2
3720 0 2
3721 0 2
3722 0 2
3723 0 2
3724 0 2
3725 0 2
3754 0 2
3763 0 2
3764 0 2
3765 0 2
3770 0 2
3771 0 2
3772 0 2
3784 0 2
3789 0 2
3790 0 2
3791 0 2
3792 0 2
3793 0 2
3794 0 2
3795 0 2
3796 0 2
3797 0 2
3798 0 2
3808 0 2
3846 0 2
3847 0 2
3848 0 2
3849 0 2
3850 0 2
3851 0 2
3852 0 2
3870 0 2
3871 0 2
3872 0 2
3873 0 2
3874 0 2
3875 0 2
3876 0 2
3877 0 2
3878 0 2
3879 0 2
3880 0 2
3881 0 2
3904 0 2
3905 0 2
3906 0 2
3907 0 2
3908 0 2
3909 0 2
3910 0 2
3911 0 2
3912 0 2
3925 0 2
3926 0 2
3938 0 2
3939 0 2
3960 0 2
3965 0 2
3992 0 2
3993 0 2
3994 0 2
3995 0 2
3996 0 2
3997 0 2
3998 0 2
2 0 3
3 0 3
13 0 3
14 0 3
15 0 3
16 0 3
17 0 3
18 0 3
19 0 3
20 0 3
25 0 3
26 0 3
50 0 3
51 0 3
52 0 3
53 0 3
58 0 3
71 0 3
72 0 3
73 0 3
74 0 3
75 0 3
76 0 3
97 0 3
98 0 3
99 0 3
100 0 3
101 0 3
102 0 3
105 0 3
106 0 3
107 0 3
148 0 3
149 0 3
150 0 3
151 0 3
152 0 3
153 0 3
155 0 3
156 0 3
157 0 3
158 0 3
159 0 3
160 0 3
161 0 3
162 0 3
163 0 3
164 0 3
165 0 3
166 0 3
167 0 3
168 0 3
169 0 3
170 0 3
171 0 3
172 0 3
173 0 3
174 0 3
175 0 3
176 0 3
177 0 3
178 0 3
179 0 3
180 0 3
181 0 3
182 0 3
183 0 3
184 0 3
185 0 3
186 0 3
187 0 3
188 0 3
189 0 3
190 0 3
205 0 3
206 0 3
207 0 3
208 0 3
209 0 3
223 0 3
224 0 3
228 0 3
229 0 3
230 0 3
231 0 3
239 0 3
240 0 3
241 0 3
242 0 3
246 0 3
247 0 3
248 0 3
249 0 3
250 0 3
251 0 3
252 0 3
253 0 3
254 0 3
255 0 3
256 0 3
257 0 3
275 0 3
276 0 3
277 0 3
286 0 3
287 0 3
288 0 3
289 0 3
290 0 3
307 0 3
308 0 3
309 0 3
310 0 3
311 0 3
312 0 3
313 0 3
314 0 3
315 0 3
316 0 3
317 0 3
318 0 3
319 0 3
340 0 3
341 0 3
342 0 3
343 0 3
344 0 3
380 0 3
381 0 3
382 0 3
383 0 3
384 0 3
385 0 3
386 0 3
387 0 3
388 0 3
389 0 3
390 0 3
391 0 3
392 0 3
445 0 3
485 0 3
486 0 3
504 0 3
505 0 3
506 0 3
507 0 3
508 0 3
509 0 3
518 0 3
519 0 3
520 0 3
521 0 3
522 0 3
523 0 3
524 0 3
525 0 3
526 0 3
527 0 3
528 0 3
529 0 3
530 0 3
531 0 3
547 0 3
549 0 3
550 0 3
551 0 3
552 0 3
553 0 3
554 0 3
555 0 3
556 0 3
557 0 3
577 0 3
578 0 3
579 0 3
586 0 3
587 0 3
589 0 3
590 0 3
591 0 3
592 0 3
593 0 3
594 0 3
595 0 3
596 0 3
597 0 3
623 0 3
629 0 3
653 0 3
654 0 3
655 0 3
656 0 3
657 0 3
659 0 3
660 0 3
661 0 3
662 0 3
663 0 3
668 0 3
669 0 3
670 0 3
671 0 3
672 0 3
673 0 3
674 0 3
695 0 3
696 0 3
697 0 3
713 0 3
735 0 3
736 0 3
792 0 3
793 0 3
794 0 3
795 0 3
815 0 3
816 0 3
817 0 3
818 0 3
819 0 3
833 0 3
834 0 3
835 0 3
836 0 3
837 0 3
838 0 3
839 0 3
840 0 3
841 0 3
842 0 3
843 0 3
844 0 3
845 0 3
846 0 3
862 0 3
863 0 3
896 0 3
897 0 3
898 0 3
899 0 3
913 0 3
914 0 3
915 0 3
916 0 3
955 0 3
956 0 3
957 0 3
960 0 3
961 0 3
962 0 3
963 0 3
964 0 3
965 0 3
968 0 3
974 0 3
975 0 3
976 0 3
977 0 3
978 0 3
982 0 3
983 0 3
984 0 3
986 0 3
987 0 3
988 0 3
989 0 3
990 0 3
991 0 3
992 0 3
993 0 3
994 0 3
995 0 3
996 0 3
997 0 3
998 0 3
999 0 3
1000 0 3
1074 0 3
1080 0 3
1115 0 3
1116 0 3
1117 0 3
1118 0 3
1119 0 3
1120 0 3
1133 0 3
1134 0 3
1135 0 3
1136 0 3
1137 0 3
1138 0 3
1139 0 3
1140 0 3
1143 0 3
1144 0 3
1145 0 3
1146 0 3
1147 0 3
1154 0 3
1169 0 3
1170 0 3
1171 0 3
1172 0 3
1173 0 3
1175 0 3
1176 0 3
1177 0 3
1178 0 3
1179 0 3
1180 0 3
1181 0 3
1182 0 3
1183 0 3
1185 0 3
1186 0 3
1194 0 3
1195 0 3
1196 0 3
1197 0 3
1198 0 3
1199 0 3
1200 0 3
1201 0 3
1202 0 3
1203 0 3
1204 0 3
1205 0 3
1206 0 3
1207 0 3
1211 0 3
1212 0 3
1213 0 3
1236 0 3
1238 0 3
1239 0 3
1240 0 3
1251 0 3
1252 0 3
1253 0 3
1254 0 3
1255 0 3
1256 0 3
1257 0 3
1258 0 3
1259 0 3
1260 0 3
1262 0 3
1277 0 3
1285 0 3
1286 0 3
1287 0 3
1288 0 3
1293 0 3
1294 0 3
1295 0 3
1296 0 3
1307 0 3
1308 0 3
1332 0 3
1333 0 3
1334 0 3
1335 0 3
1353 0 3
1354 0 3
1355 0 3
1356 0 3
1357 0 3
1358 0 3
1359 0 3
1417 0 3
1428 0 3
1429 0 3
1430 0 3
1431 0 3
1432 0 3
1433 0 3
1434 0 3
1435 0 3
1436 0 3
1438 0 3
1439 0 3
1440 0 3
1441 0 3
1442 0 3
1443 0 3
1444 0 3
1445 0 3
1446 0 3
1447 0 3
1448 0 3
1454 0 3
1455 0 3
1456 0 3
1457 0 3
1458 0 3
1459 0 3
1460 0 3
1461 0 3
1462 0 3
1463 0 3
1464 0 3
1465 0 3
1466 0 3
1467 0 3
1468 0 3
1469 0 3
1470 0 3
1471 0 3
1472 0 3
1473 0 3
1474 0 3
1475 0 3
1491 0 3
1518 0 3
1519 0 3
1571 0 3
1572 0 3
1573 0 3
1574 0 3
1575 0 3
1576 0 3
1577 0 3
1578 0 3
1673 0 3
1674 0 3
1675 0 3
1676 0 3
1677 0 3
1686 0 3
1712 0 3
1713 0 3
1714 0 3
1715 0 3
1716 0 3
1717 0 3
1718 0 3
1719 0 3
1720 0 3
1721 0 3
1722 0 3
1723 0 3
1724 0 3
1725 0 3
1726 0 3
1727 0 3
1728 0 3
1729 0 3
1733 0 3
1734 0 3
1735 0 3
1736 0 3
1737 0 3
1738 0 3
1743 0 3
1745 0 3
1746 0 3
1747 0 3
1748 0 3
1749 0 3
1761 0 3
1774 0 3
1775 0 3
1776 0 3
1777 0 3
1778 0 3
1781 0 3
1788 0 3
1789 0 3
1791 0 3
1797 0 3
1798 0 3
1799 0 3
1800 0 3
1806 0 3
1807 0 3
1808 0 3
1809 0 3
1810 0 3
1811 0 3
1812 0 3
1813 0 3
1814 0 3
1815 0 3
1816 0 3
1817 0 3
1818 0 3
1819 0 3
1820 0 3
1821 0 3
1848 0 3
1849 0 3
1850 0 3
1851 0 3
1852 0 3
1853 0 3
1854 0 3
1916 0 3
1917 0 3
1918 0 3
1919 0 3
1920 0 3
1948 0 3
1949 0 3
1950 0 3
1951 0 3
1952 0 3
1972 0 3
1973 0 3
1974 0 3
1975 0 3
1976 0 3
1977 0 3
1981 0 3
1982 0 3
1983 0 3
1984 0 3
1985 0 3
2012 0 3
2013 0 3
2014 0 3
2015 0 3
2016 0 3
2017 0 3
2018 0 3
2019 0 3
2020 0 3
2021 0 3
2022 0 3
2023 0 3
2024 0 3
2025 0 3
2056 0 3
2057 0 3
2058 0 3
2059 0 3
2060 0 3
2061 0 3
2062 0 3
2063 0 3
2064 0 3
2065 0 3
2066 0 3
2067 0 3
2068 0 3
2089 0 3
2090 0 3
2091 0 3
2092 0 3
2093 0 3
2117 0 3
2118 0 3
2119 0 3
2150 0 3
2151 0 3
2152 0 3
2153 0 3
2154 0 3
2155 0 3
2156 0 3
2157 0 3
2158 0 3
2159 0 3
2160 0 3
2161 0 3
2162 0 3
2164 0 3
2165 0 3
2173 0 3
2174 0 3
2175 0 3
2205 0 3
2206 0 3
2207 0 3
2208 0 3
2209 0 3
2210 0 3
2211 0 3
2220 0 3
2221 0 3
2239 0 3
2240 0 3
2241 0 3
2242 0 3
2243 0 3
2244 0 3
2245 0 3
2246 0 3
2247 0 3
2248 0 3
2249 0 3
2250 0 3
2251 0 3
2252 0 3
2253 0 3
2254 0 3
2262 0 3
2263 0 3
2264 0 3
2265 0 3
2266 0 3
2267 0 3
2268 0 3
2269 0 3
2270 0 3
2271 0 3
2292 0 3
2293 0 3
2294 0 3
2295 0 3
2296 0 3
2297 0 3
2298 0 3
2299 0 3
2300 0 3
2301 0 3
2313 0 3
2314 0 3
2315 0 3
2316 0 3
2317 0 3
2318 0 3
2342 0 3
2343 0 3
2344 0 3
2345 0 3
2346 0 3
2347 0 3
2348 0 3
2349 0 3
2350 0 3
2351 0 3
2352 0 3
2353 0 3
2354 0 3
2373 0 3
2399 0 3
2400 0 3
2401 0 3
2412 0 3
2413 0 3
2426 0 3
2427 0 3
2428 0 3
2429 0 3
2435 0 3
2436 0 3
2437 0 3
2438 0 3
2439 0 3
2440 0 3
2441 0 3
2442 0 3
2447 0 3
2448 0 3
2449 0 3
2450 0 3
2451 0 3
2452 0 3
2453 0 3
2454 0 3
2455 0 3
2456 0 3
2457 0 3
2458 0 3
2462 0 3
2463 0 3
2464 0 3
2465 0 3
2466 0 3
2492 0 3
2505 0 3
2506 0 3
2507 0 3
2514 0 3
2520 0 3
2521 0 3
2522 0 3
2523 0 3
2524 0 3
2525 0 3
2538 0 3
2551 0 3
2552 0 3
2553 0 3
2554 0 3
2555 0 3
2556 0 3
2557 0 3
2558 0 3
2559 0 3
2560 0 3
2561 0 3
2571 0 3
2572 0 3
2573 0 3
2574 0 3
2575 0 3
2580 0 3
2595 0 3
2596 0 3
2597 0 3
2598 0 3
2599 0 3
2627 0 3
2628 0 3
2629 0 3
2630 0 3
2631 0 3
2669 0 3
2697 0 3
2698 0 3
2724 0 3
2725 0 3
2726 0 3
2727 0 3
2728 0 3
2729 0 3
2730 0 3
2731 0 3
2732 0 3
2733 0 3
2734 0 3
2735 0 3
2736 0 3
2737 0 3
2738 0 3
2739 0 3
2740 0 3
2741 0 3
2742 0 3
2743 0 3
2744 0 3
2745 0 3
2746 0 3
2747 0 3
2748 0 3
2749 0 3
2769 0 3
2803 0 3
2804 0 3
2805 0 3
2806 0 3
2819 0 3
2820 0 3
2821 0 3
2822 0 3
2826 0 3
2827 0 3
2828 0 3
2843 0 3
2844 0 3
2845 0 3
2846 0 3
2847 0 3
2848 0 3
2849 0 3
2850 0 3
2851 0 3
2856 0 3
2863 0 3
2864 0 3
2865 0 3
2866 0 3
2867 0 3
2868 0 3
2869 0 3
2870 0 3
2871 0 3
2872 0 3
2873 0 3
2874 0 3
2875 0 3
2876 0 3
2877 0 3
2880 0 3
2881 0 3
2882 0 3
2883 0 3
2891 0 3
2892 0 3
2893 0 3
2916 0 3
2946 0 3
2947 0 3
2948 0 3
2949 0 3
2950 0 3
2951 0 3
2969 0 3
2988 0 3
2989 0 3
2990 0 3
2991 0 3
2992 0 3
2993 0 3
2994 0 3
2995 0 3
2996 0 3
2997 0 3
3009 0 3
3010 0 3
3020 0 3
3021 0 3
3022 0 3
3023 0 3
3024 0 3
3025 0 3
3026 0 3
3027 0 3
3028 0 3
3049 0 3
3050 0 3
3051 0 3
3052 0 3
3056 0 3
3057 0 3
3058 0 3
3059 0 3
3060 0 3
3061 0 3
3062 0 3
3068 0 3
3073 0 3
3074 0 3
3075 0 3
3076 0 3
3082 0 3
3083 0 3
3084 0 3
3085 0 3
3086 0 3
3087 0 3
3088 0 3
3089 0 3
3090 0 3
3091 0 3
3092 0 3
3093 0 3
3094 0 3
3095 0 3
3096 0 3
3097 0 3
3098 0 3
3099 0 3
3100 0 3
3101 0 3
3102 0 3
3103 0 3
3104 0 3
3118 0 3
3119 0 3
3120 0 3
3121 0 3
3122 0 3
3123 0 3
3124 0 3
3125 0 3
3144 0 3
3159 0 3
3160 0 3
3161 0 3
3162 0 3
3163 0 3
3164 0 3
3165 0 3
3166 0 3
3167 0 3
3168 0 3
3169 0 3
3170 0 3
3177 0 3
3178 0 3
3179 0 3
3182 0 3
3183 0 3
3184 0 3
3185 0 3
3186 0 3
3187 0 3
3188 0 3
3189 0 3
3190 0 3
3191 0 3
3192 0 3
3193 0 3
3207 0 3
3239 0 3
3245 0 3
3246 0 3
3251 0 3
3252 0 3
3253 0 3
3254 0 3
3255 0 3
3256 0 3
3326 0 3
3327 0 3
3328 0 3
3329 0 3
3330 0 3
3331 0 3
3332 0 3
3349 0 3
3350 0 3
3351 0 3
3352 0 3
3357 0 3
3358 0 3
3369 0 3
3370 0 3
3371 0 3
3372 0 3
3373 0 3
3394 0 3
3395 0 3
3396 0 3
3415 0 3
3416 0 3
3417 0 3
3418 0 3
3447 0 3
3448 0 3
3449 0 3
3450 0 3
3451 0 3
3452 0 3
3453 0 3
3454 0 3
3455 0 3
3456 0 3
3457 0 3
3458 0 3
3459 0 3
3495 0 3
3496 0 3
3497 0 3
3518 0 3
3519 0 3
3538 0 3
3539 0 3
3541 0 3
3542 0 3
3543 0 3
3544 0 3
3545 0 3
3546 0 3
3550 0 3
3551 0 3
3552 0 3
3553 0 3
3554 0 3
3555 0 3
3556 0 3
3557 0 3
3558 0 3
3559 0 3
3561 0 3
3562 0 3
3574 0 3
3575 0 3
3596 0 3
3597 0 3
3598 0 3
3609 0 3
3610 0 3
3611 0 3
3612 0 3
3613 0 3
3619 0 3
3620 0 3
3621 0 3
3622 0 3
3623 0 3
3624 0 3
3625 0 3
3626 0 3
3643 0 3
3644 0 3
3645 0 3
3646 0 3
3660 0 3
3661 0 3
3662 0 3
3663 0 3
3664 0 3
3665 0 3
3666 0 3
3667 0 3
3668 0 3
3669 0 3
3670 0 3
3671 0 3
3672 0 3
3673 0 3
3674 0 3
3675 0 3
3676 0 3
3677 0 3
3678 0 3
3679 0 3
3680 0 3
3681 0 3
3682 0 3
3683 0 3
3684 0 3
3685 0 3
3686 0 3
3687 0 3
3692 0 3
3693 0 3
3694 0 3
3695 0 3
3696 0 3
3697 0 3
3698 0 3
3699 0 3
3700 0 3
3701 0 3
3702 0 3
3703 0 3
3704 0 3
3705 0 3
3706 0 3
3707 0 3
3708 0 3
3717 0 3
3750 0 3
3751 0 3
3766 0 3
3767 0 3
3768 0 3
3769 0 3
3802 0 3
3803 0 3
3804 0 3
3805 0 3
3806 0 3
3807 0 3
3811 0 3
3812 0 3
3813 0 3
3816 0 3
3817 0 3
3821 0 3
3822 0 3
3823 0 3
3841 0 3
3842 0 3
3843 0 3
3894 0 3
3895 0 3
3896 0 3
3899 0 3
3900 0 3
3901 0 3
3902 0 3
3903 0 3
3913 0 3
3952 0 3
3953 0 3
3954 0 3
3955 0 3
3956 0 3
3957 0 3
3958 0 3
3959 0 3
3961 0 3
3962 0 3
3963 0 3
3964 0 3
3973 0 3
3974 0 3
3975 0 3
3976 0 3
3977 0 3
3978 0 3
3979 0 3
3980 0 3
3981 0 3
3982 0 3
3983 0 3
3984 0 3
EDGES
0 1
0 3999
1 2375
2 3
3 2449
3 3626
4 5
4 1351
5 6
6 954
7 3869
8 9
9 10
10 11
11 882
11 3238
12 225
13 14
14 15
15 2465
15 1470
15 3104
16 17
17 18
18 19
19 20
20 1470
21 2766
22 23
23 24
23 1599
24 144
24 245
25 26
25 2514
26 2454
27 28
28 29
29 30
29 457
29 1594
30 31
31 32
32 33
33 34
34 35
35 36
36 567
37 38
38 39
39 40
39 468
40 41
41 42
41 3406
42 43
42 2183
42 2976
43 44
44 1437
44 1379
45 46
45 2182
46 47
47 48
47 1449
48 2129
48 1782
49 2536
50 51
50 1080
50 1288
51 52
52 53
53 2318
54 55
55 56
56 57
56 1501
57 608
58 2349
59 60
60 61
60 2909
61 3443
62 63
63 3309
63 2405
64 65
65 66
66 67
67 68
68 1325
69 70
70 1271
71 72
72 73
73 74
74 75
74 550
75 76
76 1257
76 3823
77 78
77 1284
78 79
79 80
80 81
80 299
81 82
82 83
83 84
84 85
85 1752
86 87
87 3110
87 1711
88 89
89 90
90 91
90 2039
91 92
92 93
93 94
94 95
94 497
94 790
95 96
95 806
96 3034
96 762
97 98
98 99
99 100
99 713
100 101
100 1183
101 102
101 697
102 2453
103 104
104 452
105 106
106 107
107 2462
108 109
109 1587
110 111
111 1312
112 113
113 114
113 1930
114 115
115 116
116 117
117 118
117 3071
118 119
119 3003
120 121
121 122
122 123
123 124
124 3361
125 126
125 3042
126 127
127 128
127 537
128 129
129 130
130 3888
131 132
132 133
133 134
134 135
135 2141
136 3854
137 138
138 139
139 3309
140 141
141 142
142 143
142 3107
143 144
144 145
145 146
146 147
147 2760
148 149
149 150
150 151
150 2599
151 152
152 153
153 250
154 3421
154 2716
154 3019
155 156
156 157
157 158
157 3193
158 159
159 160
160 161
160 1761
160 3358
161 162
161 819
162 163
163 164
164 165
165 518
166 208
167 168
168 169
169 170
169 2806
170 171
171 172
172 173
172 3332
173 174
173 3913
174 175
174 653
175 176
175 2865
176 177
177 178
178 179
179 552
180 181
181 182
182 183
183 184
184 185
185 186
186 2891
187 188
188 189
189 190
190 2314
190 3095
191 192
192 1406
193 805
194 195
195 2854
196 197
197 198
198 199
199 200
200 201
201 202
202 203
202 3367
203 204
204 1561
205 206
206 207
207 208
208 209
209 1726
209 579
210 211
211 212
212 213
212 2194
213 1363
214 215
215 216
215 1005
216 217
217 218
217 2918
218 219
219 220
220 221
221 222
222 1828
223 224
223 2175
224 3457
225 226
226 3587
227 3648
228 3084
229 230
229 392
230 231
230 2893
231 1443
232 233
232 3517
233 234
234 1052
234 2419
235 236
235 737
236 237
237 238
238 3501
238 1653
239 240
240 241
241 242
242 3802
243 244
244 245
246 247
247 248
248 249
249 250
250 251
251 252
252 253
253 254
254 3696
255 256
256 257
257 3371
258 259
259 1310
260 261
261 535
261 1292
262 263
263 264
264 2357
264 2291
265 266
266 267
267 268
268 269
269 734
269 1751
269 2371
270 271
271 272
272 273
273 274
273 2763
274 1360
275 276
275 3807
276 277
277 2067
277 3497
278 279
279 3829
280 281
280 1997
281 282
282 1645
283 284
283 1062
284 1601
284 2481
285 398
286 287
287 288
287 531
287 3144
288 289
289 290
290 387
291 292
292 2199
292 1027
293 294
294 295
295 296
296 297
297 298
298 299
300 301
301 302
302 303
303 304
304 305
305 306
306 829
307 308
308 309
309 310
310 311
310 486
311 312
312 313
313 314
314 315
315 316
316 317
317 318
317 1472
318 319
319 3609
319 2851
320 321
321 322
322 323
323 324
323 1891
324 325
325 3566
326 327
327 328
327 448
327 979
327 1744
328 329
329 330
330 331
330 2029
331 332
332 333
333 334
334 1523
334 3754
335 336
336 337
336 3225
337 338
337 798
337 2855
338 339
338 2172
339 1025
340 341
341 342
341 795
341 3170
342 343
343 344
344 3817
345 346
346 347
347 348
347 1416
348 349
349 350
349 2825
350 351
350 2011
351 2686
352 353
353 3937
354 355
355 356
356 357
357 358
358 359
358 1701
359 360
360 361
361 362
362 363
362 787
363 2710
364 365
365 366
366 367
367 368
368 369
369 370
370 371
371 372
372 373
372 1989
373 374
374 1300
375 2666
376 377
377 378
378 379
378 588
379 2666
380 381
380 3769
381 382
382 383
383 384
383 597
384 2726
384 1207
385 386
386 387
387 388
388 389
389 390
390 391
391 392
391 1120
393 394
394 1149
395 396
396 397
397 1424
398 399
398 1570
399 400
399 2214
400 401
400 911
400 1306
401 402
402 403
403 404
404 405
405 406
406 407
407 408
408 409
409 3436
410 411
411 412
412 413
413 414
413 2365
414 415
415 416
416 417
417 418
418 419
419 420
420 421
421 2694
421 3151
422 423
422 2971
423 424
424 425
425 2232
426 427
427 428
428 429
429 2129
429 3480
429 3567
430 431
431 432
432 433
432 3430
433 434
434 2099
435 436
436 437
437 438
438 439
438 693
439 626
440 441
440 1945
441 442
442 443
443 444
444 2328
445 1206
446 447
446 791
447 3420
449 450
450 451
451 452
452 453
453 454
454 455
454 1261
455 456
456 488
458 459
459 460
460 461
461 3730
462 463
463 464
464 465
464 1237
465 466
466 467
467 468
469 3912
470 727
471 472
471 1413
472 473
473 1318
474 475
475 476
476 2831
477 1604
478 479
479 480
479 3762
480 481
480 2199
481 482
482 3617
483 484
484 1684
485 3395
487 488
488 489
489 490
490 491
491 492
492 493
493 494
493 3224
494 495
494 3363
494 3890
495 2322
495 503
496 497
498 499
499 500
500 501
501 502
502 503
504 505
505 506
506 507
507 508
508 509
509 3695
510 511
511 2493
512 513
513 514
513 1038
514 515
515 516
516 517
517 3147
517 3857
518 520
518 2262
518 2969
519 520
519 1448
520 521
521 522
522 523
523 524
524 525
525 2267
526 527
527 528
528 529
529 530
530 531
532 533
533 534
534 535
535 536
536 880
538 1041
539 540
540 541
540 2116
540 2163
541 542
542 543
543 544
544 545
544 2411
545 546
546 3925
546 2889
547 2571
548 3840
549 550
551 552
551 899
552 553
552 3239
553 554
553 2669
554 2263
555 556
556 557
557 3545
558 559
558 676
558 2685
559 560
560 561
560 2474
561 562
562 563
563 564
564 565
565 566
566 567
567 568
568 569
569 2711
570 3761
571 572
572 573
572 796
573 574
574 575
574 1859
575 576
576 3127
577 578
578 579
579 3028
580 581
580 2862
581 582
582 583
583 584
584 3385
585 1051
586 587
587 2348
589 590
590 591
591 592
592 593
593 594
593 2354
594 595
595 596
595 3351
596 597
598 599
599 600
600 1665
600 3691
601 602
601 3117
602 603
603 604
604 1152
605 606
606 607
606 2668
607 608
608 609
609 610
609 3654
610 3408
610 1840
611 612
611 1780
612 613
613 614
614 615
615 616
615 2444
616 617
616 2332
617 618
618 619
619 620
620 621
621 622
622 1962
622 3837
623 2988
624 625
625 626
626 627
627 628
627 2129
628 1628
628 2491
629 1727
630 631
631 632
632 633
633 634
634 635
635 1235
636 637
637 638
638 639
639 640
640 641
641 3257
642 643
643 644
644 645
645 646
646 647
646 2665
647 648
647 2577
648 649
649 650
650 2590
651 652
652 2634
654 2698
655 656
656 657
657 3700
657 1677
658 901
658 3595
659 1676
660 661
661 662
662 663
663 3663
664 665
665 666
666 667
667 1535
668 669
669 1116
670 671
671 672
672 673
673 674
673 3076
674 1135
675 676
677 678
678 679
679 680
680 2082
681 682
682 683
682 782
683 684
684 685
685 686
686 687
686 3990
687 3986
688 689
689 3630
690 691
690 1555
691 692
692 693
694 2818
695 696
696 697
698 699
699 700
699 936
700 701
701 702
702 1742
703 704
704 705
705 706
706 707
707 2169
707 2968
708 709
709 710
710 711
710 861
711 712
711 3788
712 1622
714 715
715 716
716 3287
717 718
718 719
719 720
720 721
721 722
722 723
723 3460
724 725
725 726
726 1486
727 728
728 729
729 730
729 951
729 1026
730 731
731 732
732 733
733 734
734 806
734 2808
735 736
736 1182
737 2469
738 739
739 740
740 2288
741 742
741 2984
741 3143
742 743
743 744
744 755
745 746
746 3341
747 748
748 749
749 750
749 2225
750 751
751 752
751 2945
752 753
753 754
753 2031
754 3232
755 756
755 3422
756 757
757 758
758 759
758 2890
759 3490
759 1377
760 761
760 1073
761 762
763 764
763 2032
764 2185
765 766
766 767
767 768
767 2604
768 769
769 770
769 3718
770 771
771 772
772 773
773 774
774 775
775 776
775 2615
776 777
777 778
777 2195
778 2784
779 780
779 985
780 781
781 3988
781 1615
783 1400
784 785
785 786
786 787
788 789
789 1941
792 793
793 794
794 795
797 798
799 800
799 2184
800 801
801 802
802 1152
803 804
804 805
805 806
807 808
808 2548
809 810
810 811
811 812
811 3381
812 813
813 814
813 2425
814 1542
815 816
816 817
816 1438
817 818
818 819
820 821
821 822
822 823
822 1598
822 2842
823 824
824 1911
825 2773
826 827
827 828
828 829
829 830
830 831
831 832
831 3986
832 949
833 834
834 835
835 836
836 837
836 2698
837 838
837 3697
838 839
839 840
840 841
841 842
842 843
843 844
844 845
845 846
846 2868
847 2690
848 849
849 850
850 3226
851 852
852 853
853 854
854 855
855 856
856 857
857 2802
858 859
859 1221
860 892
862 863
863 1733
864 865
865 866
866 867
867 868
868 869
868 3205
869 870
869 1245
870 871
871 872
872 873
873 1191
874 875
875 876
876 877
877 878
877 1508
877 1823
878 879
879 880
880 881
881 1323
882 883
883 884
884 1846
885 886
885 2840
886 887
886 3772
887 888
888 889
889 3175
890 2933
890 1542
891 1943
892 893
893 3355
894 895
895 2953
896 897
897 898
898 899
900 901
901 902
902 903
902 2142
903 904
904 905
904 3155
905 906
906 907
907 908
908 909
909 910
910 911
912 2764
913 914
913 2373
914 915
914 3207
915 916
916 2252
916 1000
917 918
918 919
919 920
919 2504
920 921
921 922
922 923
923 924
924 925
924 3008
925 926
926 927
927 928
927 3494
928 3409
929 930
930 931
931 932
932 933
933 2529
934 935
935 936
937 938
937 3560
938 939
939 940
940 941
940 3840
941 942
941 1069
942 943
943 3969
944 945
945 2357
945 3845
946 3240
947 948
948 949
949 950
949 1966
950 951
952 953
953 954
954 2195
955 956
956 3083
957 1952
957 2538
958 959
959 3500
960 961
961 962
962 963
963 964
964 965
964 3717
965 2738
966 967
967 1609
968 3705
969 970
970 971
971 972
972 2007
973 3785
974 975
975 976
976 977
977 978
978 1180
980 981
981 1708
982 983
982 3559
983 2153
984 2819
986 3677
987 988
988 989
989 990
990 991
991 992
992 993
993 994
994 995
995 996
996 997
997 998
998 999
999 1000
1001 1002
1002 1003
1003 1004
1003 1227
1004 1005
1004 1408
1006 1007
1007 1008
1008 1009
1009 1047
1009 3869
1010 1011
1011 3212
1011 2101
1012 1013
1013 3487
1013 1024
1014 1015
1015 1016
1016 1017
1017 1018
1018 1019
1018 1331
1019 1020
1020 1021
1021 1022
1022 1023
1023 1024
1025 1026
1028 1029
1028 2081
1028 3268
1028 3283
1029 1030
1029 3608
1030 1031
1031 1032
1032 1033
1033 1034
1034 1035
1035 1036
1036 1037
1036 1658
1037 1038
1039 1040
1040 2360
1040 3259
1041 1042
1042 1043
1043 1044
1044 1045
1045 1046
1046 1047
1047 2111
1048 1049
1049 1076
1050 1051
1051 3390
1052 1081
1053 1054
1054 1055
1055 1056
1056 1057
1057 1058
1058 3765
1059 1060
1059 1500
1060 1061
1061 1062
1063 1064
1063 2055
1064 1065
1065 1066
1066 1067
1067 1068
1067 3145
1068 1069
1069 1685
1070 1071
1071 1072
1072 2976
1074 2013
1074 3959
1075 1076
1076 1077
1076 3175
1077 1078
1078 1079
1079 1732
1081 3763
1082 1923
1083 1084
1084 1497
1085 1086
1086 1087
1086 3798
1087 1088
1088 1089
1089 1090
1089 2614
1090 1091
1091 1092
1092 2953
1093 1094
1094 1095
1095 2032
1096 1097
1097 1098
1098 1099
1098 1219
1099 1100
1100 1101
1101 1102
1102 1103
1103 1104
1104 1105
1105 1106
1105 2519
1106 1107
1107 1108
1108 1109
1109 1110
1110 1317
1110 3892
1111 1112
1112 1113
1113 1114
1113 2261
1114 1841
1115 1116
1116 1117
1117 1118
1118 1119
1119 1120
1120 2024
1121 1122
1122 1942
1122 2878
1123 1124
1124 1125
1125 1126
1125 2396
1126 1127
1126 1765
1127 1128
1127 3311
1128 1129
1129 1130
1130 1131
1131 1635
1132 3580
1133 1134
1134 1135
1135 1136
1136 1137
1137 1138
1138 1139
1138 2883
1139 1140
1140 3696
1141 1142
1142 1668
1143 1144
1143 3352
1144 1145
1145 1146
1145 2507
1146 1147
1147 3556
1148 1149
1149 1150
1150 1151
1151 1152
1152 1153
1153 1866
1153 3465
1153 3604
1154 3543
1155 1156
1156 1157
1157 1158
1158 1159
1159 1160
1160 1161
1161 1162
1162 1163
1162 2131
1163 1477
1164 1165
1165 1166
1166 3406
1166 2616
1167 1168
1167 2592
1168 2606
1169 1170
1170 1171
1171 1172
1172 1173
1172 1359
1173 2747
1174 3585
1175 1176
1176 1177
1177 1178
1177 2442
1178 1179
1179 1180
1180 1181
1181 1182
1182 1183
1184 1826
1185 1186
1186 1761
1187 1188
1188 1189
1189 1190
1190 1191
1191 1192
1192 1193
1193 1953
1194 1195
1195 1196
1195 1308
1196 1197
1196 3519
1197 1198
1198 1199
1199 1200
1200 1201
1201 1202
1201 2211
1202 1203
1203 1204
1204 1205
1205 1206
1206 1207
1208 1209
1209 1210
1210 3429
1211 1212
1212 1213
1213 3457
1214 1215
1215 3945
1216 1217
1217 3475
1218 1219
1220 1221
1221 1222
1222 1223
1223 1367
1224 1225
1224 2723
1225 1226
1226 1625
1226 1875
1228 1229
1229 1230
1229 1427
1230 1231
1231 1232
1232 3709
1233 1234
1234 1402
1234 2340
1235 3587
1236 2015
1238 1239
1239 1240
1240 3187
1241 2922
1242 2963
1243 1244
1244 1245
1244 3079
1246 1247
1247 1248
1248 1249
1249 1250
1250 2087
1251 1252
1251 1743
1251 2822
1252 1253
1252 1729
1253 1254
1254 1255
1255 1256
1256 1257
1257 1258
1257 3062
1258 1259
1259 1260
1260 3518
1262 3672
1263 1264
1264 1265
1265 1266
1266 1267
1267 1268
1268 1269
1269 1270
1270 1271
1271 1272
1272 1273
1273 1274
1274 1275
1275 1276
1276 1868
1276 3939
1277 1491
1278 1279
1279 1280
1280 1281
1281 1282
1282 1283
1283 1284
1285 1286
1286 1287
1287 1288
1289 1290
1290 1291
1291 1292
1293 1294
1294 1295
1295 1296
1296 1719
1297 1298
1298 1299
1299 1300
1300 1301
1301 1302
1302 1303
1303 1304
1304 3649
1305 1306
1306 3520
1307 1308
1307 3178
1309 3729
1310 1311
1311 1312
1312 1313
1313 1314
1314 1315
1315 1316
1316 1317
1316 1762
1316 2289
1316 2336
1317 1318
1318 2033
1319 1320
1320 1321
1321 1322
1321 2768
1322 1323
1323 1324
1324 1325
1324 3106
1325 1378
1326 1327
1327 1328
1328 1329
1329 1330
1330 1804
1331 1801
1332 1333
1333 1334
1334 1335
1335 2560
1336 1337
1337 1796
1338 1339
1339 1340
1340 1341
1341 1342
1342 1343
1343 3322
1344 1345
1344 2147
1345 1346
1346 1347
1346 3720
1347 1348
1348 1349
1349 1350
1350 1351
1352 2908
1353 1354
1354 1355
1355 1356
1356 1357
1357 1358
1357 3813
1358 1359
1358 3099
1359 3575
1360 1361
1361 1362
1362 1363
1362 2148
1363 1364
1364 1365
1365 1366
1366 1367
1367 1368
1367 2857
1368 3635
1369 1370
1370 1371
1371 1372
1372 1373
1372 1387
1373 1374
1374 1375
1375 1376
1376 1377
1378 1379
1380 1381
1381 1382
1381 2540
1381 3279
1382 1383
1383 2954
1384 1385
1385 1386
1386 1387
1388 1389
1389 1390
1390 1391
1391 1392
1392 1393
1392 1936
1393 1394
1394 2546
1395 1396
1396 1397
1397 1398
1398 1399
1399 1400
1400 1401
1401 3139
1402 1403
1403 2235
1404 1405
1405 1406
1406 1407
1406 3243
1407 1408
1409 2461
1410 3525
1411 1412
1412 1413
1412 3573
1414 1415
1414 3031
1415 1416
1417 2245
1418 1419
1419 1420
1420 1421
1421 1422
1422 1423
1423 1424
1424 1425
1425 1426
1426 1427
1428 1429
1428 1821
1428 2749
1429 1430
1429 3459
1430 1431
1431 1432
1432 1433
1432 3068
1433 1434
1434 1435
1434 2091
1435 1436
1436 1468
1437 2666
1437 3784
1439 1440
1440 1441
1441 1442
1442 1443
1442 2877
1443 1444
1444 1445
1445 1446
1446 1447
1447 1448
1450 1451
1451 1452
1451 3531
1452 1453
1453 2974
1454 1455
1455 1456
1455 2462
1456 1457
1457 1458
1458 1459
1459 1749
1460 1461
1461 1462
1462 1463
1463 1464
1464 1465
1465 1466
1466 1467
1466 1789
1467 1468
1468 1469
1469 1470
1471 1472
1473 1474
1474 1475
1475 3666
1476 1477
1477 1478
1478 1479
1478 2912
1479 1480
1480 1481
1480 3565
1481 1482
1481 2696
1481 3244
1482 1483
1483 1484
1483 1910
1484 1670
1485 1486
1486 1487
1486 3368
1487 1488
1488 1489
1489 1490
1490 3362
1490 2047
1491 3102
1492 1493
1493 1494
1494 1495
1495 1496
1496 1497
1497 2718
1498 1499
1499 1500
1502 1503
1503 3208
1504 3281
1505 1506
1506 1507
1506 1790
1507 3490
1509 1510
1510 1511
1511 1512
1512 1513
1513 1514
1514 1515
1515 1516
1516 1517
1517 2714
1518 1519
1519 2876
1520 1521
1521 1522
1521 3236
1522 1523
1523 1524
1524 1525
1524 2286
1525 1526
1526 1527
1527 1528
1528 1529
1529 1530
1530 1531
1531 1532
1531 3650
1532 1867
1532 2782
1533 1534
1534 1535
1535 1536
1535 1792
1536 1537
1537 1538
1538 1539
1538 1688
1539 1540
1540 1541
1541 1542
1543 1544
1544 1545
1545 2277
1546 2079
1546 2513
1547 1548
1548 1549
1549 1550
1550 1551
1551 1552
1552 2490
1553 1554
1554 1555
1556 1557
1557 1558
1558 1559
1558 1764
1559 1560
1560 1561
1560 2986
1561 1562
1562 2163
1563 2710
1563 3202
1564 1565
1564 1904
1565 1566
1566 1567
1567 1568
1568 2967
1569 1570
1569 3537
1571 1572
1572 1573
1573 1574
1573 2093
1573 3246
1574 1575
1575 1576
1576 1577
1577 1578
1578 2062
1579 1580
1579 1614
1580 1581
1581 1582
1582 1583
1583 1584
1584 1941
1585 1586
1585 1842
1586 1587
1587 1588
1588 1589
1589 1590
1590 1591
1591 1592
1592 1593
1593 1594
1595 1596
1596 1597
1597 1598
1600 1601
1601 1602
1602 1603
1602 3581
1603 1604
1604 1605
1604 2593
1604 3306
1605 1606
1606 1607
1607 1608
1608 1609
1609 1610
1610 1611
1611 1612
1612 3032
1613 1614
1616 1617
1617 2981
1618 1619
1618 2888
1619 1620
1620 1621
1621 1622
1622 3592
1623 1624
1624 1625
1624 2777
1625 2961
1626 3923
1626 2809
1627 1628
1628 2054
1629 1630
1629 3133
1630 2671
1631 1632
1632 1633
1633 1634
1634 1635
1635 1636
1635 2219
1636 1637
1637 1638
1638 1639
1639 1640
1640 1641
1641 1642
1642 1643
1642 1828
1642 3920
1643 1644
1644 2112
1645 1646
1646 1647
1647 1648
1648 1649
1649 1650
1650 1651
1651 2331
1652 1653
1654 1655
1655 1656
1656 1657
1657 1658
1659 1660
1660 3017
1661 1662
1661 3549
1662 1663
1663 1664
1664 1665
1665 1666
1666 3067
1667 1668
1668 1669
1669 1670
1670 1671
1671 1672
1672 2141
1672 3348
1673 1674
1674 1675
1675 1676
1676 1677
1678 1679
1679 1680
1679 2983
1680 1681
1680 2964
1681 1682
1682 1683
1683 1684
1684 1685
1686 2345
1687 1688
1689 1690
1690 1691
1691 1692
1692 1693
1693 1694
1694 1695
1694 3688
1695 1696
1695 2446
1696 1697
1697 2670
1698 1699
1699 1700
1700 1701
1702 1703
1703 1704
1704 1705
1705 1706
1706 1707
1707 1708
1707 3713
1708 2814
1709 1710
1710 1711
1712 1713
1713 1714
1714 1715
1715 1716
1716 1717
1716 3672
1717 1718
1718 1719
1719 1720
1720 1721
1721 1722
1722 1723
1722 2239
1723 1724
1723 3562
1724 1725
1725 1726
1726 1727
1727 1728
1728 1729
1728 3256
1729 2025
1730 1731
1731 1732
1731 3312
1732 3136
1732 3403
1733 1734
1734 1735
1735 1736
1736 1737
1737 1738
1737 2575
1738 1981
1739 1740
1740 1741
1741 1999
1742 3304
1745 1746
1746 1747
1747 1748
1748 1749
1749 1750
1749 2271
1750 1751
1752 1753
1753 1754
1754 1755
1755 1756
1756 2902
1757 1758
1758 1759
1759 1760
1759 2702
1760 2128
1763 1764
1765 3442
1766 2616
1767 1768
1768 1769
1769 1770
1770 1771
1771 1772
1772 3905
1772 2027
1773 2308
1774 1775
1775 1776
1776 1777
1777 1778
1778 3518
1779 1780
1781 3331
1783 1784
1784 1785
1785 1825
1786 1787
1787 2487
1788 1789
1788 3125
1791 2735
1793 1794
1794 1795
1795 1796
1796 2615
1797 1798
1798 1799
1799 1800
1800 2697
1802 1803
1803 2218
1804 1805
1805 2261
1806 1807
1807 1808
1808 1809
1809 1810
1810 1811
1811 1812
1812 1813
1813 1814
1814 1815
1814 3373
1815 1816
1816 1817
1817 1818
1818 1819
1819 2354
1820 1821
1822 1823
1824 2141
1825 1826
1826 3580
1827 1828
1828 2046
1829 1830
1830 1831
1830 1921
1831 1832
1832 1833
1833 1834
1834 1835
1835 1836
1836 3429
1837 1838
1838 1839
1839 1840
1841 1842
1843 1844
1844 1845
1845 1846
1846 1847
1847 2812
1848 1849
1849 1850
1850 1851
1851 1852
1852 1853
1853 1854
1853 2068
1853 3981
1854 3026
1855 1856
1855 2781
1856 1857
1857 1858
1858 1859
1859 3998
1860 1861
1860 2612
1861 1862
1862 1863
1863 1864
1863 2787
1864 1865
1865 1866
1866 1867
1867 1868
1868 1869
1868 2372
1869 1870
1870 1871
1871 3656
1871 3926
1872 1873
1873 1874
1874 1875
1874 2375
1875 3616
1876 1877
1877 1878
1877 2879
1878 1879
1879 1880
1880 1881
1881 1882
1882 1883
1883 1884
1884 3008
1885 1886
1886 2760
1886 2550
1887 1888
1888 1889
1889 1890
1890 3314
1892 1893
1893 1894
1894 3482
1895 1896
1895 3408
1896 2420
1897 1898
1898 1899
1899 1900
1900 3414
1901 1902
1902 1903
1903 1904
1905 1906
1906 1907
1907 3212
1907 3852
1908 1909
1909 1910
1909 2204
1909 2713
1911 2799
1912 1913
1913 1914
1914 1915
1915 2136
1916 1917
1917 1918
1918 1919
1919 1920
1920 3102
1921 3789
1922 1923
1923 1924
1924 1925
1925 1926
1926 1927
1927 1928
1928 1938
1929 1930
1931 3712
1932 1933
1933 1934
1934 1935
1935 1936
1937 1938
1938 1939
1939 1940
1939 3487
1940 1941
1941 1942
1942 1943
1943 1944
1944 1945
1946 1947
1947 3425
1948 1949
1949 3456
1950 1951
1951 1952
1952 3087
1953 1954
1954 1955
1955 1956
1955 3158
1956 1957
1957 1958
1958 1959
1958 1971
1959 1960
1960 1961
1961 1962
1962 1963
1962 2122
1963 1964
1964 1965
1965 1966
1967 1968
1968 1969
1969 1970
1970 1971
1972 1973
1973 1974
1974 1975
1975 1976
1975 3843
1976 1977
1977 3085
1978 1979
1978 2508
1978 3906
1979 1980
1980 2944
1981 1982
1981 2441
1982 1983
1983 1984
1983 2245
1984 1985
1985 3020
1986 1987
1987 1988
1988 1989
1990 1991
1991 1992
1992 1993
1993 1994
1994 1995
1995 1996
1996 1997
1998 1999
1999 2000
2000 2896
2001 2002
2002 2003
2003 2004
2003 3965
2004 2005
2005 2006
2006 2007
2007 2008
2008 2009
2009 2010
2010 2011
2012 2013
2013 2014
2014 2015
2015 2016
2016 2017
2017 2018
2018 2019
2019 2353
2020 2021
2021 2022
2022 2023
2023 2024
2026 2027
2026 3446
2028 2029
2030 2031
2033 2034
2034 2035
2035 2036
2036 2037
2037 2038
2038 2039
2039 2752
2040 2041
2041 2042
2042 2043
2043 2044
2044 2045
2045 2046
2048 2049
2048 2275
2048 2277
2049 2050
2050 2051
2051 2052
2052 2053
2053 2054
2054 2055
2056 2057
2057 2058
2058 3022
2059 2060
2060 2061
2061 2062
2062 2063
2063 2064
2064 2065
2065 2066
2066 2067
2067 2068
2069 2070
2070 2071
2071 2072
2072 2073
2073 2074
2074 2075
2075 2076
2076 2077
2077 2078
2078 2079
2078 2086
2079 2080
2079 2312
2080 2081
2081 3154
2082 2083
2083 2084
2084 2085
2085 2086
2087 2088
2088 3886
2089 2090
2090 2091
2092 2093
2094 2095
2094 2570
2095 2096
2096 2097
2097 2098
2098 2099
2099 2100
2100 2101
2102 2103
2103 2104
2103 3642
2104 2105
2105 2106
2106 2107
2107 2108
2108 2128
2109 2110
2109 3815
2110 2111
2111 2112
2112 2113
2113 2114
2114 2115
2115 2357
2117 2118
2118 2119
2119 2595
2120 2121
2121 3522
2122 2468
2122 2526
2123 2124
2124 2125
2125 2126
2125 3011
2126 2127
2127 2128
2128 2129
2130 2131
2132 2133
2133 2134
2134 2135
2135 2136
2136 2137
2137 2138
2138 2139
2139 2140
2140 2141
2141 2142
2141 3391
2143 2144
2144 2145
2145 2146
2146 2147
2147 2602
2148 3783
2149 3510
2150 2151
2151 2152
2152 2153
2153 2154
2154 2155
2155 2156
2155 3708
2156 2157
2157 2158
2158 2159
2158 2221
2159 2160
2160 2161
2161 2162
2162 3976
2164 2165
2165 3646
2166 2167
2167 2168
2168 2169
2169 2170
2170 2171
2171 2172
2173 2174
2174 2175
2176 2177
2177 2714
2178 2179
2179 2180
2180 3280
2181 2182
2185 2186
2186 2187
2186 3991
2187 2188
2188 2189
2188 3047
2189 2190
2190 2191
2190 2238
2191 2192
2192 2193
2193 2194
2193 2774
2196 2197
2197 2198
2198 2384
2200 2201
2201 2202
2202 2203
2203 2204
2205 2206
2206 2207
2207 2208
2208 2209
2209 2210
2210 2211
2210 2631
2212 2213
2213 2214
2214 3540
2215 2216
2216 2217
2217 2218
2218 2219
2220 2221
2221 2401
2222 2223
2223 2224
2224 2225
2224 3960
2226 3366
2227 2228
2228 3114
2229 2230
2230 2231
2231 2232
2232 2233
2233 3434
2233 3951
2234 2235
2235 2236
2236 3987
2237 3461
2240 2241
2241 2242
2242 2243
2242 2951
2243 2244
2244 2245
2246 2247
2247 2248
2248 2249
2249 2250
2250 2251
2251 2252
2252 2253
2253 2254
2254 2951
2255 2256
2256 2257
2257 2258
2258 2259
2258 3264
2259 2260
2260 2261
2263 2264
2264 2265
2265 2266
2266 2267
2266 3518
2267 2268
2268 2269
2269 2270
2270 2271
2272 2273
2273 2274
2274 2275
2276 2277
2276 3801
2278 2279
2279 2280
2280 2510
2281 2282
2282 2283
2283 2284
2283 3181
2284 2285
2285 2286
2287 2288
2288 2289
2290 2291
2290 2601
2290 3209
2292 2293
2293 2294
2294 2295
2295 2296
2296 2297
2297 2298
2298 2299
2298 3539
2299 2300
2300 2301
2301 3060
2302 2303
2303 2304
2304 2305
2305 2306
2306 2307
2307 2308
2308 2309
2309 2310
2310 2311
2311 2312
2313 2314
2314 2315
2315 2316
2316 3662
2317 2318
2318 2874
2319 2320
2320 2321
2321 2322
2322 2323
2323 3965
2324 2325
2325 2326
2325 3250
2326 2327
2326 3438
2327 2328
2328 2329
2329 2330
2330 2331
2331 2332
2332 3072
2333 2334
2334 2335
2335 2336
2337 2926
2338 2339
2339 2340
2339 3356
2341 3250
2342 2343
2343 2344
2344 2345
2344 2997
2345 2346
2346 2347
2347 2348
2347 3179
2348 2349
2349 2428
2350 2351
2351 2352
2352 2353
2353 2354
2355 2356
2356 2357
2357 2358
2358 2359
2359 2360
2360 2361
2361 2362
2362 2363
2363 2364
2364 2365
2366 2367
2367 2368
2368 2369
2368 2818
2369 2370
2370 2371
2374 2375
2375 3476
2376 2377
2377 2824
2378 2379
2379 2380
2380 2381
2381 2382
2382 2383
2383 3690
2383 3149
2384 2385
2385 2386
2386 2387
2387 2388
2388 2389
2389 2390
2390 2391
2391 2392
2392 2393
2393 2394
2394 3470
2395 2899
2397 2702
2398 2639
2399 2400
2400 2401
2402 2403
2403 2404
2404 2405
2406 2407
2407 2408
2408 2409
2409 2410
2410 2411
2412 2413
2413 2871
2414 2415
2415 2416
2416 2417
2417 2418
2418 2419
2420 2421
2420 3725
2421 2422
2422 2423
2423 2424
2424 2425
2426 2427
2427 2428
2428 2429
2429 3956
2430 2431
2431 2432
2432 2433
2433 2714
2434 3774
2435 2436
2436 2437
2437 2438
2438 2439
2438 2466
2439 2440
2440 2441
2443 2444
2445 2446
2447 2448
2448 2449
2449 2450
2449 3546
2450 2451
2451 2452
2452 2453
2453 2454
2454 2455
2455 2456
2456 2457
2457 2458
2458 2997
2459 2460
2460 2461
2461 3147
2463 2464
2464 2465
2465 2466
2467 2468
2470 2471
2471 2472
2471 3753
2472 2473
2473 2474
2475 2476
2476 2477
2477 2478
2478 2479
2478 2755
2479 2480
2480 2481
2482 2483
2483 2484
2484 2485
2485 2486
2486 2487
2487 2488
2488 2489
2489 2490
2490 2491
2491 2795
2492 3351
2493 3422
2494 2495
2495 2496
2496 2511
2496 3937
2497 2498
2498 2499
2499 2500
2500 2501
2501 2502
2502 2503
2503 2504
2505 2506
2506 2507
2507 2554
2509 2510
2510 3947
2511 2512
2512 2513
2512 3987
2515 2516
2516 2517
2517 2518
2518 2519
2520 2521
2521 2522
2522 2523
2523 2524
2524 2525
2525 3125
2527 2897
2528 2529
2529 2530
2530 2531
2531 2532
2532 2533
2533 2534
2534 2535
2535 2536
2536 3715
2537 3434
2539 2540
2541 2542
2541 3474
2542 2543
2543 2544
2544 2545
2545 2546
2546 2547
2547 2548
2548 3499
2549 2550
2551 2552
2552 2553
2553 2845
2555 2556
2556 2557
2557 2558
2558 2559
2559 2560
2559 3396
2560 2561
2560 2580
2560 3903
2561 2969
2562 2563
2563 2564
2564 2565
2565 2566
2565 3912
2566 2567
2567 2568
2567 2715
2568 2569
2568 3269
2569 2570
2571 2572
2572 2573
2573 2574
2574 2575
2576 3399
2577 3272
2578 2579
2578 2905
2579 3247
2581 2582
2582 2904
2583 2584
2584 2585
2585 2586
2586 2587
2587 2588
2588 2589
2589 2590
2590 2591
2591 2760
2594 3145
2594 3514
2595 2596
2596 2597
2597 2598
2598 2599
2600 2601
2603 2604
2605 2606
2606 2607
2607 2608
2608 2609
2609 2610
2610 3948
2610 2626
2611 2612
2613 2757
2617 2618
2618 2619
2619 2620
2620 2621
2621 2622
2622 2623
2623 2624
2624 2625
2625 2626
2625 3785
2627 2628
2628 2629
2629 2630
2630 2631
2632 2922
2633 2634
2634 3871
2635 2636
2636 2637
2636 3004
2637 2638
2637 2901
2638 2639
2639 2640
2640 2641
2641 2642
2642 2643
2643 2644
2644 2645
2645 2646
2646 3578
2647 2648
2648 2649
2649 2650
2650 2651
2651 2652
2652 2653
2653 2654
2653 3820
2654 2655
2654 3829
2655 2656
2656 2657
2657 3745
2658 2659
2659 2660
2660 2661
2661 2662
2662 2663
2663 2664
2664 2665
2666 2667
2667 2668
2670 2671
2671 2672
2672 2673
2673 3194
2673 3325
2674 2854
2675 2676
2676 2677
2677 2678
2678 2679
2679 2680
2680 2681
2681 2682
2682 2683
2683 2684
2684 2685
2686 2783
2687 2688
2688 3151
2689 2690
2690 2691
2691 2692
2692 2693
2693 2694
2693 3266
2694 2695
2695 2696
2697 2698
2699 2700
2700 2701
2701 2702
2703 2704
2704 3764
2705 2706
2706 2707
2707 2708
2708 2709
2708 3043
2709 2710
2710 2711
2711 2712
2712 2713
2714 2715
2717 2718
2718 2719
2719 2720
2720 2721
2721 2722
2722 2723
2722 3891
2724 2725
2725 2726
2726 2727
2727 2728
2728 2729
2729 2730
2730 2731
2731 2732
2731 3010
2732 2733
2733 2734
2734 2735
2735 2736
2736 2737
2737 2738
2738 2739
2739 2740
2740 2741
2741 2742
2742 2743
2743 2744
2744 2745
2744 2873
2745 2746
2746 2747
2747 2748
2748 2749
2750 2751
2751 2752
2753 2754
2753 3081
2754 2755
2756 2757
2757 3988
2758 3384
2759 2760
2760 2761
2761 2762
2762 2763
2764 2765
2765 2766
2766 2767
2767 2768
2769 3144
2770 2771
2771 2772
2772 2773
2773 2774
2775 2776
2776 2777
2778 2779
2779 2780
2780 2781
2783 2784
2784 2785
2785 2786
2786 2787
2788 3437
2789 2790
2790 2791
2791 2792
2792 2793
2793 2794
2794 2795
2796 2797
2797 2798
2798 2799
2799 2800
2800 2801
2801 2802
2802 3709
2803 2804
2804 2805
2805 2806
2807 3275
2810 2811
2811 2812
2812 2813
2813 2814
2814 2815
2815 2816
2816 2817
2817 2818
2819 2820
2820 2821
2821 2822
2823 2824
2824 2825
2826 2827
2827 2828
2828 3060
2829 2830
2830 2831
2831 2832
2832 2833
2833 2834
2834 2835
2835 2836
2836 2837
2837 2886
2838 2839
2839 2840
2841 2842
2843 2844
2844 2845
2845 2846
2846 2847
2847 2848
2847 3052
2848 2849
2849 3251
2850 2851
2852 2853
2853 2854
2854 2855
2856 3894
2858 2859
2858 2987
2859 2860
2860 2861
2861 2862
2862 3291
2863 2864
2863 3613
2864 2865
2866 2867
2867 2868
2868 2869
2869 2870
2870 2871
2871 2872
2872 2873
2874 2875
2875 2876
2876 2877
2880 2881
2881 2882
2882 2883
2884 2885
2885 2886
2886 2887
2887 2888
2891 2892
2892 2893
2894 2895
2895 2896
2896 2897
2897 2898
2898 2899
2899 2900
2900 2901
2902 2903
2903 2904
2904 2972
2906 2907
2907 2908
2908 2909
2910 2911
2911 2912
2913 2914
2914 2915
2915 3304
2915 3176
2915 3313
2916 3091
2917 2918
2919 2920
2920 2921
2921 3428
2922 2923
2923 3774
2923 3316
2924 2925
2925 2926
2926 2927
2927 3470
2928 2929
2929 2930
2930 2931
2931 2932
2932 2933
2933 2934
2934 2935
2935 2936
2936 2937
2937 2938
2938 2939
2939 2940
2940 2941
2940 3304
2941 2942
2942 2943
2943 2944
2944 2945
2946 2947
2947 2948
2948 2949
2948 3103
2949 2950
2950 2951
2952 2953
2953 3397
2954 2955
2955 2956
2956 2957
2957 2958
2958 2959
2959 2960
2960 2961
2961 2962
2962 2963
2963 2964
2965 2966
2966 2967
2967 2968
2970 2971
2970 3924
2972 2973
2973 2974
2974 2975
2975 2976
2977 2978
2978 2979
2979 2980
2980 2981
2981 2982
2982 2983
2985 2986
2988 2989
2989 2990
2990 2991
2991 2992
2992 2993
2993 2994
2994 2995
2995 2996
2996 2997
2998 2999
2999 3000
2999 3893
3000 3001
3001 3002
3002 3003
3003 3004
3004 3491
3005 3006
3006 3007
3007 3008
3009 3010
3012 3013
3013 3014
3014 3015
3015 3016
3016 3017
3017 3018
3018 3019
3020 3021
3021 3022
3022 3023
3023 3024
3024 3025
3024 3597
3025 3026
3026 3027
3027 3028
3029 3030
3030 3031
3032 3033
3033 3034
3034 3035
3035 3036
3036 3037
3037 3038
3038 3039
3039 3040
3040 3041
3041 3042
3044 3045
3045 3046
3046 3047
3048 3477
3049 3050
3050 3051
3051 3052
3053 3054
3054 3055
3055 3155
3056 3057
3057 3058
3058 3059
3059 3060
3060 3061
3060 3450
3061 3062
3063 3064
3064 3065
3065 3066
3066 3067
3067 3249
3069 3070
3070 3071
3073 3074
3074 3075
3075 3076
3077 3078
3077 3339
3078 3079
3080 3081
3082 3083
3083 3084
3084 3093
3085 3086
3086 3087
3087 3088
3088 3089
3089 3090
3090 3091
3091 3092
3092 3093
3093 3094
3094 3095
3096 3097
3096 3418
3097 3098
3098 3099
3100 3101
3101 3102
3102 3103
3105 3106
3108 3109
3109 3110
3110 3111
3111 3112
3112 3113
3113 3114
3114 3115
3115 3116
3116 3117
3118 3119
3119 3120
3120 3121
3121 3122
3122 3123
3123 3124
3124 3125
3126 3127
3127 3128
3128 3129
3129 3130
3130 3131
3131 3873
3132 3133
3134 3135
3135 3136
3136 3137
3137 3138
3138 3939
3139 3140
3140 3141
3141 3142
3142 3143
3146 3147
3147 3148
3148 3149
3150 3151
3152 3153
3153 3154
3156 3157
3157 3158
3159 3160
3160 3161
3161 3162
3162 3163
3163 3164
3164 3165
3165 3166
3166 3167
3167 3168
3168 3169
3168 3183
3169 3170
3171 3172
3172 3173
3173 3174
3174 3175
3177 3178
3180 3181
3182 3183
3184 3185
3185 3186
3186 3187
3187 3188
3188 3189
3189 3190
3190 3191
3190 3817
3191 3192
3192 3193
3194 3195
3194 3972
3195 3196
3196 3197
3197 3198
3198 3199
3199 3200
3200 3201
3201 3202
3202 3810
3203 3204
3204 3205
3206 3222
3208 3209
3210 3211
3211 3212
3212 3213
3213 3214
3214 3215
3215 3296
3216 3217
3217 3218
3218 3219
3219 3220
3220 3221
3220 3345
3221 3222
3222 3926
3223 3224
3226 3947
3227 3228
3228 3229
3229 3230
3230 3231
3231 3232
3232 3233
3233 3234
3234 3235
3235 3236
3237 3238
3240 3241
3241 3242
3242 3243
3245 3246
3245 3896
3247 3248
3248 3249
3249 3250
3251 3252
3252 3253
3253 3254
3254 3255
3255 3256
3257 3258
3258 3259
3260 3261
3261 3262
3262 3263
3263 3264
3265 3266
3267 3268
3270 3271
3271 3891
3273 3274
3274 3275
3275 3276
3276 3277
3277 3278
3278 3279
3280 3281
3281 3282
3282 3283
3284 3862
3285 3286
3286 3287
3287 3288
3288 3289
3289 3290
3290 3291
3292 3293
3293 3294
3294 3295
3295 3296
3296 3297
3297 3298
3298 3299
3299 3300
3300 3301
3301 3302
3302 3303
3303 3304
3303 3305
3307 3308
3308 3309
3309 3310
3310 3311
3314 3315
3315 3316
3317 3478
3318 3319
3319 3320
3319 3749
3320 3321
3321 3322
3322 3323
3323 3324
3324 3325
3326 3327
3327 3328
3328 3329
3329 3330
3330 3331
3331 3332
3332 3598
3333 3334
3334 3335
3335 3336
3336 3337
3337 3338
3338 3339
3340 3341
3341 3342
3342 3343
3343 3344
3344 3345
3346 3347
3347 3348
3349 3350
3350 3351
3353 3354
3354 3355
3355 3356
3357 3358
3359 3360
3360 3361
3360 3950
3361 3362
3362 3363
3364 3365
3365 3366
3366 3367
3368 3716
3369 3370
3370 3371
3371 3372
3372 3373
3374 3375
3375 3376
3376 3377
3377 3378
3378 3379
3378 3765
3379 3380
3380 3381
3382 3383
3383 3384
3384 3385
3385 3386
3386 3387
3387 3388
3388 3389
3388 3780
3389 3390
3390 3391
3392 3393
3393 3925
3394 3395
3395 3396
3397 3398
3398 3399
3399 3400
3399 3659
3400 3401
3401 3402
3402 3403
3404 3405
3405 3406
3407 3408
3409 3410
3410 3411
3410 3461
3411 3412
3412 3413
3413 3414
3414 3888
3415 3416
3415 3611
3416 3417
3416 3542
3417 3418
3417 3822
3419 3420
3420 3421
3421 3422
3423 3741
3424 3425
3425 3426
3426 3427
3427 3428
3428 3429
3429 3430
3431 3432
3432 3433
3433 3434
3434 3435
3435 3436
3436 3437
3437 3438
3439 3477
3440 3441
3441 3442
3443 3444
3444 3739
3445 3446
3447 3894
3448 3449
3449 3450
3451 3452
3452 3453
3453 3454
3454 3455
3455 3456
3456 3457
3457 3458
3458 3459
3460 3461
3462 3463
3463 3464
3464 3465
3466 3467
3467 3468
3468 3469
3469 3470
3470 3471
3471 3472
3472 3473
3473 3474
3475 3476
3477 3478
3478 3479
3479 3480
3481 3482
3482 3483
3483 3484
3484 3485
3485 3486
3486 3487
3488 3489
3489 3490
3490 3491
3492 3493
3493 3494
3495 3496
3496 3497
3498 3499
3499 3500
3500 3501
3501 3502
3502 3503
3503 3504
3504 3505
3505 3506
3506 3507
3507 3508
3508 3509
3509 3510
3510 3516
3511 3512
3512 3513
3513 3514
3515 3516
3515 3881
3516 3517
3521 3522
3522 3523
3523 3524
3524 3525
3525 3526
3526 3527
3527 3528
3528 3529
3529 3530
3530 3531
3532 3533
3533 3534
3534 3535
3535 3536
3536 3537
3537 3898
3538 3539
3541 3542
3543 3544
3544 3545
3545 3546
3547 3548
3548 3549
3550 3551
3551 3552
3552 3553
3553 3554
3554 3555
3555 3556
3556 3557
3557 3558
3558 3559
3561 3562
3563 3564
3564 3565
3566 3567
3568 3569
3569 3570
3570 3571
3571 3572
3572 3573
3574 3575
3576 3577
3577 3578
3578 3579
3579 3580
3580 3581
3582 3583
3583 3584
3584 3585
3585 3586
3586 3587
3587 3588
3588 3589
3589 3590
3590 3591
3591 3592
3592 3593
3593 3594
3594 3595
3596 3597
3596 3964
3599 3600
3600 3601
3601 3602
3602 3603
3603 3604
3605 3606
3606 3607
3607 3608
3609 3610
3610 3611
3612 3613
3612 3984
3614 3615
3615 3616
3617 3618
3618 3631
3619 3620
3620 3621
3621 3622
3622 3623
3623 3624
3624 3625
3625 3626
3627 3628
3628 3629
3629 3630
3630 3631
3631 3632
3632 3633
3633 3634
3634 3635
3635 3636
3636 3637
3637 3638
3638 3639
3639 3640
3640 3641
3641 3642
3643 3644
3644 3645
3645 3646
3646 3680
3647 3648
3648 3649
3649 3650
3651 3652
3651 3808
3652 3653
3653 3654
3655 3656
3656 3657
3657 3658
3658 3659
3660 3661
3661 3662
3662 3663
3663 3664
3664 3665
3665 3666
3666 3667
3667 3668
3667 3751
3668 3669
3669 3670
3670 3671
3671 3672
3673 3674
3674 3675
3675 3676
3676 3677
3677 3678
3678 3679
3679 3680
3680 3681
3681 3682
3682 3683
3683 3684
3684 3685
3685 3686
3686 3687
3687 3957
3689 3690
3690 3691
3692 3693
3693 3694
3694 3695
3695 3696
3696 3697
3698 3699
3699 3700
3700 3701
3701 3702
3702 3703
3703 3704
3704 3705
3705 3706
3706 3707
3707 3708
3709 3710
3710 3711
3711 3712
3712 3713
3714 3715
3714 3740
3715 3716
3719 3720
3721 3722
3722 3723
3723 3724
3724 3725
3726 3727
3727 3728
3728 3729
3729 3730
3730 3731
3731 3732
3732 3733
3733 3734
3734 3735
3735 3736
3736 3737
3737 3738
3738 3739
3739 3740
3741 3742
3742 3743
3743 3744
3744 3745
3745 3746
3746 3747
3747 3748
3748 3749
3750 3751
3752 3753
3755 3756
3756 3757
3757 3758
3758 3776
3759 3760
3760 3761
3761 3762
3763 3764
3764 3765
3766 3767
3767 3768
3768 3769
3770 3771
3771 3772
3773 3774
3774 3775
3775 3776
3776 3777
3777 3778
3778 3779
3778 3885
3779 3799
3781 3782
3782 3783
3786 3787
3787 3788
3790 3791
3791 3792
3792 3793
3793 3794
3794 3795
3795 3796
3796 3797
3797 3798
3799 3800
3800 3801
3802 3803
3803 3804
3804 3805
3805 3806
3806 3807
3809 3810
3811 3812
3812 3813
3814 3815
3816 3817
3818 3819
3819 3820
3821 3822
3824 3825
3825 3826
3826 3827
3827 3828
3828 3829
3830 3831
3831 3832
3832 3833
3833 3834
3834 3835
3835 3836
3836 3837
3838 3839
3839 3840
3841 3842
3842 3843
3844 3845
3846 3847
3847 3848
3848 3849
3849 3850
3850 3851
3851 3852
3853 3854
3854 3855
3855 3856
3856 3857
3858 3859
3859 3860
3860 3861
3861 3862
3862 3863
3863 3864
3864 3865
3865 3866
3866 3867
3867 3868
3868 3869
3870 3871
3871 3872
3872 3873
3873 3874
3874 3875
3875 3876
3876 3877
3877 3878
3878 3879
3879 3880
3880 3881
3882 3883
3883 3884
3884 3885
3886 3887
3887 3888
3888 3889
3889 3890
3894 3895
3895 3896
3897 3898
3899 3900
3900 3901
3901 3902
3902 3903
3904 3905
3905 3906
3907 3908
3908 3909
3909 3910
3910 3911
3911 3912
3914 3915
3915 3916
3916 3917
3917 3918
3918 3919
3919 3920
3921 3941
3922 3923
3923 3924
3925 3926
3927 3928
3928 3929
3929 3930
3930 3931
3931 3932
3932 3933
3933 3934
3934 3935
3935 3936
3936 3937
3938 3939
3940 3941
3941 3942
3942 3943
3943 3944
3944 3945
3945 3946
3946 3947
3947 3948
3948 3949
3949 3950
3952 3953
3953 3954
3954 3955
3955 3956
3956 3957
3957 3958
3958 3959
3961 3962
3962 3963
3963 3964
3966 3967
3967 3968
3968 3969
3969 3970
3970 3971
3971 3972
3973 3974
3974 3975
3975 3976
3976 3977
3977 3978
3978 3979
3979 3980
3980 3981
3982 3983
3983 3984
3985 3986
3988 3989
3989 3990
3992 3993
3993 3994
3994 3995
3995 3996
3996 3997
3997 3998
